1 3 
144 432 
24 8 
1 135
1 246
1 430
1 559
1 616
1 790
1 914
1 1114
1 1259
1 1395
1 1514
1 1678
1 1785
1 1874
1 2133
1 2264
1 2315
1 2554
1 2639
1 2751
1 2891
1 3068
1 3281
1 3419
2 25
2 240
2 381
2 514
2 584
2 773
2 990
2 1067
2 1284
2 1424
2 1448
2 1644
2 1829
2 1900
2 2128
2 2271
2 2392
2 2515
2 2615
2 2851
2 2915
2 3125
2 3212
2 3317
3 62
3 269
3 322
3 484
3 625
3 776
3 987
3 1069
3 1170
3 1396
3 1479
3 1585
3 1789
3 1942
3 2075
3 2246
3 2354
3 2533
3 2722
3 2791
3 2881
3 3060
3 3243
3 3452
4 26
4 168
4 375
4 464
4 621
4 761
4 958
4 1024
4 1251
4 1310
4 1551
4 1640
4 1777
4 2008
4 2125
4 2163
4 2447
4 2506
4 2596
4 2859
4 2896
4 3031
4 3258
4 3422
5 93
5 254
5 407
5 565
5 627
5 782
5 894
5 1082
5 1208
5 1403
5 1543
5 1645
5 1757
5 2015
5 2123
5 2291
5 2388
5 2526
5 2660
5 2862
5 2921
5 3056
5 3207
5 3356
6 44
6 214
6 418
6 542
6 707
6 742
6 999
6 1111
6 1293
6 1437
6 1500
6 1676
6 1800
6 1999
6 2138
6 2225
6 2390
6 2470
6 2598
6 2844
6 3000
6 3165
6 3312
6 3397
7 70
7 185
7 295
7 456
7 611
7 803
7 951
7 1073
7 1230
7 1344
7 1512
7 1657
7 1842
7 1909
7 2065
7 2250
7 2420
7 2575
7 2623
7 2769
7 2993
7 3150
7 3259
7 3330
8 107
8 156
8 337
8 525
8 602
8 762
8 966
8 1064
8 1204
8 1352
8 1477
8 1641
8 1778
8 1888
8 2144
8 2162
8 2324
8 2553
8 2689
8 2742
8 2948
8 3141
8 3300
8 3322
9 58
9 222
9 312
9 463
9 674
9 746
9 994
9 1144
9 1237
9 1409
9 1502
9 1614
9 1749
9 1975
9 2126
9 2284
9 2405
9 2489
9 2616
9 2847
9 2981
9 3118
9 3239
9 3315
10 14
10 195
10 355
10 465
10 604
10 774
10 901
10 1131
10 1282
10 1379
10 1498
10 1629
10 1755
10 1895
10 2083
10 2245
10 2416
10 2486
10 2683
10 2805
10 2894
10 3074
10 3226
10 3372
11 63
11 259
11 362
11 446
11 619
11 723
11 996
11 1060
11 1162
11 1386
11 1442
11 1721
11 1763
11 1960
11 2052
11 2210
11 2414
11 2471
11 2655
11 2774
11 3016
11 3157
11 3225
11 3417
12 54
12 250
12 326
12 541
12 607
12 807
12 881
12 1098
12 1158
12 1326
12 1579
12 1587
12 1767
12 1957
12 2104
12 2196
12 2383
12 2563
12 2599
12 2761
12 2987
12 3026
12 3252
12 3383
13 68
13 189
13 328
13 459
13 671
13 858
13 975
13 1047
13 1247
13 1368
13 1486
13 1726
13 1748
13 1987
13 2037
13 2208
13 2356
13 2566
13 2645
13 2837
13 2986
13 3142
13 3297
13 3390
14 102
14 202
14 336
14 489
14 708
14 829
14 979
14 1091
14 1214
14 1318
14 1489
14 1658
14 1838
14 1897
14 2082
14 2260
14 2316
14 2540
14 2685
14 2780
14 2972
14 3151
14 3170
14 3393
15 24
15 161
15 402
15 451
15 598
15 857
15 934
15 1028
15 1168
15 1365
15 1506
15 1723
15 1836
15 1881
15 2030
15 2247
15 2374
15 2562
15 2696
15 2790
15 3006
15 3123
15 3191
15 3340
16 105
16 146
16 351
16 455
16 698
16 769
16 980
16 1042
16 1221
16 1373
16 1473
16 1590
16 1741
16 1915
16 2154
16 2197
16 2328
16 2499
16 2647
16 2814
16 2942
16 3137
16 3204
16 3398
17 22
17 278
17 393
17 482
17 658
17 730
17 908
17 1059
17 1183
17 1370
17 1443
17 1655
17 1773
17 1917
17 2026
17 2207
17 2421
17 2476
17 2713
17 2825
17 2893
17 3099
17 3216
17 3335
18 138
18 166
18 346
18 521
18 660
18 804
18 928
18 1150
18 1198
18 1364
18 1452
18 1649
18 1759
18 1941
18 2066
18 2241
18 2314
18 2483
18 2610
18 2781
18 2977
18 3127
18 3261
18 3323
19 85
19 180
19 357
19 467
19 605
19 764
19 886
19 1142
19 1249
19 1412
19 1505
19 1719
19 1804
19 1986
19 2143
19 2281
19 2380
19 2473
19 2724
19 2860
19 2995
19 3046
19 3220
19 3388
20 10
20 230
20 382
20 509
20 606
20 771
20 911
20 1075
20 1231
20 1313
20 1520
20 1638
20 1795
20 1979
20 2081
20 2266
20 2373
20 2591
20 2681
20 2846
20 2901
20 3093
20 3263
20 3435
21 127
21 217
21 323
21 450
21 638
21 827
21 883
21 1029
21 1197
21 1341
21 1564
21 1687
21 1870
21 1911
21 2046
21 2242
21 2412
21 2453
21 2702
21 2747
21 2917
21 3108
21 3301
21 3414
22 130
22 274
22 319
22 539
22 589
22 808
22 970
22 1076
22 1157
22 1419
22 1507
22 1692
22 1872
22 1882
22 2058
22 2290
22 2350
22 2475
22 2730
22 2864
22 2930
22 3094
22 3232
22 3365
23 112
23 224
23 429
23 478
23 691
23 738
23 937
23 1079
23 1268
23 1338
23 1548
23 1720
23 1735
23 1892
23 2025
23 2272
23 2411
23 2505
23 2678
23 2786
23 2919
23 3146
23 3240
23 3432
24 4
24 153
24 419
24 443
24 628
24 836
24 918
24 1130
24 1240
24 1348
24 1469
24 1663
24 1744
24 1949
24 2086
24 2178
24 2320
24 2588
24 2661
24 2773
24 2956
24 3156
24 3262
24 3445
25 34
25 271
25 350
25 475
25 687
25 768
25 893
25 1014
25 1239
25 1362
25 1525
25 1601
25 1827
25 1997
25 2084
25 2277
25 2351
25 2463
25 2674
25 2771
25 3010
25 3040
25 3208
25 3326
26 76
26 191
26 305
26 523
26 620
26 863
26 896
26 1099
26 1217
26 1336
26 1466
26 1604
26 1732
26 1934
26 2067
26 2211
26 2401
26 2582
26 2703
26 2867
26 2952
26 3072
26 3196
26 3443
27 32
27 170
27 398
27 505
27 693
27 743
27 992
27 1054
27 1155
27 1359
27 1453
27 1651
27 1869
27 1950
27 2029
27 2299
27 2355
27 2583
27 2602
27 2871
27 2963
27 3138
27 3306
27 3425
28 46
28 245
28 364
28 547
28 594
28 744
28 969
28 1027
28 1222
28 1299
28 1529
28 1625
28 1779
28 2001
28 2105
28 2183
28 2319
28 2517
28 2735
28 2743
28 2913
28 3144
28 3219
28 3364
29 45
29 281
29 307
29 554
29 597
29 821
29 919
29 1049
29 1218
29 1298
29 1528
29 1600
29 1834
29 1913
29 2096
29 2292
29 2436
29 2481
29 2601
29 2822
29 2933
29 3029
29 3286
29 3318
30 43
30 147
30 315
30 454
30 669
30 731
30 972
30 1038
30 1279
30 1418
30 1519
30 1591
30 1831
30 1998
30 2021
30 2164
30 2360
30 2511
30 2667
30 2879
30 2941
30 3077
30 3285
30 3387
31 61
31 265
31 318
31 433
31 649
31 862
31 942
31 1056
31 1288
31 1342
31 1509
31 1635
31 1745
31 1991
31 2039
31 2304
31 2347
31 2537
31 2666
31 2813
31 2946
31 3120
31 3302
31 3423
32 129
32 286
32 367
32 556
32 715
32 811
32 910
32 1023
32 1194
32 1400
32 1474
32 1710
32 1756
32 1939
32 2113
32 2221
32 2317
32 2451
32 2600
32 2861
32 2899
32 3032
32 3224
32 3381
33 41
33 165
33 425
33 573
33 645
33 861
33 946
33 1102
33 1278
33 1384
33 1545
33 1707
33 1837
33 1953
33 2054
33 2180
33 2334
33 2484
33 2621
33 2872
33 2926
33 3045
33 3289
33 3321
34 94
34 201
34 358
34 493
34 717
34 775
34 882
34 1041
34 1225
34 1405
34 1538
34 1597
34 1743
34 1876
34 2153
34 2295
34 2357
34 2462
34 2633
34 2838
34 2944
34 3164
34 3308
34 3369
35 106
35 151
35 329
35 481
35 711
35 853
35 961
35 1115
35 1280
35 1317
35 1465
35 1646
35 1791
35 1920
35 2119
35 2251
35 2318
35 2558
35 2731
35 2855
35 3001
35 3126
35 3201
35 3424
36 79
36 148
36 290
36 575
36 656
36 864
36 981
36 1152
36 1289
36 1316
36 1531
36 1609
36 1852
36 1918
36 2141
36 2232
36 2342
36 2546
36 2634
36 2756
36 3007
36 3043
36 3173
36 3449
37 118
37 255
37 415
37 501
37 612
37 721
37 885
37 1088
37 1223
37 1382
37 1550
37 1624
37 1850
37 1885
37 2129
37 2184
37 2358
37 2478
37 2638
37 2873
37 2997
37 3131
37 3190
37 3346
38 16
38 282
38 397
38 562
38 652
38 844
38 1000
38 1053
38 1153
38 1361
38 1446
38 1631
38 1747
38 1944
38 2130
38 2234
38 2407
38 2545
38 2604
38 2831
38 2892
38 3135
38 3274
38 3410
39 31
39 163
39 298
39 519
39 639
39 786
39 960
39 1022
39 1257
39 1414
39 1463
39 1697
39 1751
39 1919
39 2157
39 2279
39 2397
39 2492
39 2626
39 2800
39 2976
39 3154
39 3288
39 3416
40 18
40 210
40 390
40 563
40 577
40 791
40 889
40 1097
40 1207
40 1353
40 1566
40 1705
40 1809
40 1943
40 2069
40 2289
40 2429
40 2468
40 2608
40 2787
40 2923
40 3063
40 3266
40 3394
41 51
41 238
41 378
41 510
41 634
41 779
41 909
41 1062
41 1177
41 1407
41 1558
41 1650
41 1783
41 1936
41 2117
41 2217
41 2437
41 2589
41 2652
41 2757
41 2903
41 3057
41 3304
41 3440
42 27
42 251
42 304
42 552
42 644
42 854
42 933
42 1092
42 1176
42 1307
42 1578
42 1718
42 1798
42 1992
42 2120
42 2161
42 2331
42 2585
42 2603
42 2880
42 2898
42 3025
42 3198
42 3343
43 133
43 173
43 349
43 460
43 618
43 787
43 879
43 1085
43 1216
43 1428
43 1549
43 1689
43 1819
43 2007
43 2089
43 2182
43 2313
43 2485
43 2691
43 2830
43 2990
43 3053
43 3195
43 3444
44 33
44 243
44 302
44 503
44 694
44 797
44 962
44 1037
44 1164
44 1391
44 1464
44 1698
44 1855
44 1928
44 2085
44 2300
44 2402
44 2544
44 2704
44 2783
44 2909
44 3059
44 3284
44 3341
45 110
45 284
45 299
45 550
45 673
45 840
45 935
45 1080
45 1295
45 1404
45 1481
45 1606
45 1824
45 1989
45 2038
45 2195
45 2400
45 2559
45 2617
45 2803
45 2889
45 3098
45 3169
45 3347
46 19
46 287
46 413
46 486
46 685
46 784
46 871
46 1045
46 1242
46 1381
46 1499
46 1716
46 1817
46 1945
46 2053
46 2276
46 2444
46 2573
46 2671
46 2802
46 2970
46 3132
46 3250
46 3319
47 52
47 212
47 426
47 535
47 670
47 795
47 939
47 1015
47 1232
47 1360
47 1480
47 1643
47 1821
47 1956
47 2093
47 2285
47 2439
47 2510
47 2664
47 2878
47 2951
47 3136
47 3206
47 3371
48 113
48 221
48 353
48 473
48 705
48 814
48 989
48 1010
48 1290
48 1385
48 1552
48 1717
48 1774
48 1978
48 2140
48 2226
48 2368
48 2493
48 2684
48 2804
48 3015
48 3075
48 3287
48 3361
49 38
49 157
49 313
49 442
49 714
49 810
49 907
49 1086
49 1160
49 1315
49 1458
49 1682
49 1731
49 1968
49 2132
49 2268
49 2339
49 2555
49 2622
49 2782
49 2998
49 3050
49 3183
49 3336
50 86
50 155
50 394
50 567
50 688
50 801
50 931
50 1078
50 1190
50 1399
50 1517
50 1637
50 1737
50 1878
50 2061
50 2230
50 2438
50 2514
50 2646
50 2820
50 3008
50 3086
50 3236
50 3331
51 100
51 186
51 411
51 569
51 701
51 813
51 906
51 1025
51 1171
51 1339
51 1562
51 1659
51 1846
51 1948
51 2057
51 2202
51 2325
51 2568
51 2710
51 2798
51 2927
51 3033
51 3213
51 3382
52 12
52 158
52 414
52 434
52 696
52 839
52 888
52 1103
52 1243
52 1388
52 1504
52 1688
52 1833
52 1952
52 2156
52 2233
52 2384
52 2454
52 2611
52 2796
52 2922
52 3117
52 3278
52 3333
53 123
53 220
53 421
53 568
53 630
53 755
53 978
53 1105
53 1188
53 1374
53 1524
53 1672
53 1845
53 1971
53 2028
53 2167
53 2445
53 2539
53 2662
53 2763
53 2966
53 3041
53 3251
53 3431
54 17
54 279
54 334
54 536
54 675
54 837
54 959
54 1017
54 1228
54 1358
54 1496
54 1674
54 1851
54 1994
54 2072
54 2190
54 2329
54 2464
54 2607
54 2766
54 3002
54 3048
54 3223
54 3426
55 73
55 261
55 406
55 534
55 672
55 832
55 924
55 1120
55 1201
55 1366
55 1450
55 1711
55 1762
55 1985
55 2063
55 2288
55 2395
55 2586
55 2720
55 2772
55 2964
55 3159
55 3283
55 3412
56 98
56 183
56 331
56 524
56 640
56 842
56 955
56 1034
56 1200
56 1301
56 1487
56 1633
56 1844
56 1954
56 2159
56 2222
56 2353
56 2503
56 2668
56 2809
56 2992
56 3149
56 3210
56 3405
57 143
57 232
57 361
57 537
57 626
57 726
57 891
57 1033
57 1248
57 1421
57 1547
57 1586
57 1820
57 1893
57 2116
57 2263
57 2389
57 2577
57 2635
57 2819
57 2904
57 3097
57 3257
57 3438
58 69
58 175
58 293
58 444
58 643
58 783
58 1005
58 1119
58 1206
58 1417
58 1574
58 1691
58 1768
58 1906
58 2150
58 2235
58 2391
58 2469
58 2679
58 2868
58 3020
58 3122
58 3265
58 3411
59 60
59 268
59 297
59 441
59 596
59 838
59 921
59 1058
59 1167
59 1363
59 1497
59 1594
59 1859
59 2000
59 2068
59 2214
59 2365
59 2578
59 2700
59 2827
59 3009
59 3058
59 3277
59 3349
60 2
60 216
60 301
60 504
60 713
60 739
60 875
60 1149
60 1238
60 1413
60 1493
60 1708
60 1805
60 1907
60 2094
60 2188
60 2346
60 2480
60 2642
60 2848
60 2918
60 3049
60 3222
60 3375
61 125
61 247
61 389
61 545
61 704
61 740
61 920
61 1118
61 1209
61 1393
61 1459
61 1628
61 1807
61 1903
61 2142
61 2170
61 2362
61 2543
61 2625
61 2764
61 2962
61 3143
61 3275
61 3327
62 124
62 229
62 338
62 502
62 662
62 825
62 912
62 1107
62 1265
62 1323
62 1488
62 1632
62 1871
62 1995
62 2031
62 2237
62 2406
62 2509
62 2644
62 2795
62 2885
62 3065
62 3179
62 3324
63 15
63 213
63 345
63 453
63 686
63 756
63 887
63 1018
63 1175
63 1303
63 1475
63 1648
63 1810
63 1967
63 2149
63 2275
63 2446
63 2556
63 2672
63 2817
63 2965
63 3073
63 3188
63 3427
64 88
64 181
64 333
64 553
64 666
64 747
64 945
64 1101
64 1196
64 1440
64 1563
64 1623
64 1770
64 1935
64 2114
64 2176
64 2398
64 2584
64 2657
64 2821
64 2955
64 3069
64 3255
64 3360
65 77
65 266
65 377
65 506
65 657
65 780
65 895
65 1019
65 1258
65 1427
65 1472
65 1709
65 1822
65 1873
65 2135
65 2248
65 2440
65 2501
65 2686
65 2775
65 2886
65 3103
65 3309
65 3436
66 115
66 233
66 368
66 494
66 595
66 750
66 904
66 1083
66 1174
66 1333
66 1537
66 1608
66 1738
66 1983
66 2064
66 2269
66 2428
66 2547
66 2629
66 2836
66 3022
66 3102
66 3310
66 3363
67 47
67 228
67 339
67 507
67 667
67 800
67 941
67 1117
67 1159
67 1422
67 1476
67 1615
67 1867
67 1984
67 2112
67 2265
67 2375
67 2487
67 2725
67 2850
67 2978
67 3028
67 3193
67 3441
68 42
68 171
68 348
68 512
68 636
68 855
68 954
68 1109
68 1199
68 1411
68 1482
68 1630
68 1808
68 1977
68 2103
68 2298
68 2435
68 2581
68 2711
68 2874
68 2928
68 3140
68 3172
68 3338
69 11
69 154
69 387
69 447
69 629
69 834
69 971
69 1093
69 1274
69 1334
69 1461
69 1595
69 1776
69 1886
69 2108
69 2220
69 2408
69 2557
69 2649
69 2826
69 3012
69 3078
69 3267
69 3358
70 97
70 184
70 370
70 479
70 591
70 752
70 873
70 1055
70 1256
70 1314
70 1521
70 1634
70 1849
70 1902
70 2078
70 2280
70 2419
70 2477
70 2643
70 2799
70 2887
70 3095
70 3295
70 3380
71 91
71 159
71 303
71 548
71 646
71 789
71 995
71 1090
71 1264
71 1387
71 1541
71 1605
71 1830
71 1916
71 2062
71 2252
71 2322
71 2519
71 2665
71 2762
71 3019
71 3088
71 3171
71 3313
72 71
72 205
72 366
72 457
72 676
72 732
72 917
72 1122
72 1213
72 1376
72 1468
72 1639
72 1862
72 2005
72 2151
72 2186
72 2430
72 2449
72 2736
72 2801
72 2936
72 3030
72 3205
72 3418
73 82
73 267
73 373
73 529
73 720
73 843
73 878
73 1143
73 1250
73 1377
73 1518
73 1671
73 1730
73 1904
73 2023
73 2185
73 2393
73 2528
73 2718
73 2857
73 2959
73 3111
73 3249
73 3354
74 141
74 253
74 374
74 561
74 600
74 741
74 964
74 1121
74 1215
74 1349
74 1447
74 1724
74 1760
74 1910
74 2152
74 2302
74 2343
74 2525
74 2732
74 2768
74 3011
74 3158
74 3228
74 3448
75 111
75 275
75 403
75 533
75 580
75 736
75 877
75 1151
75 1187
75 1390
75 1539
75 1665
75 1863
75 1970
75 2101
75 2215
75 2410
75 2565
75 2619
75 2823
75 2980
75 3092
75 3174
75 3454
76 36
76 192
76 320
76 526
76 582
76 831
76 874
76 1039
76 1272
76 1327
76 1511
76 1667
76 1780
76 1962
76 2077
76 2165
76 2364
76 2459
76 2594
76 2779
76 2935
76 3160
76 3230
76 3408
77 37
77 187
77 306
77 477
77 579
77 778
77 903
77 1020
77 1227
77 1436
77 1546
77 1656
77 1816
77 1976
77 2155
77 2213
77 2427
77 2592
77 2606
77 2744
77 2973
77 3101
77 3187
77 3407
78 57
78 256
78 395
78 448
78 689
78 760
78 956
78 1043
78 1262
78 1355
78 1544
78 1666
78 1814
78 1993
78 2092
78 2218
78 2448
78 2474
78 2676
78 2875
78 2983
78 3087
78 3197
78 3325
79 1
79 196
79 401
79 540
79 692
79 846
79 1002
79 1125
79 1203
79 1380
79 1535
79 1593
79 1803
79 1894
79 2032
79 2189
79 2385
79 2590
79 2609
79 2818
79 2916
79 3153
79 3292
79 3392
80 108
80 206
80 294
80 474
80 617
80 856
80 898
80 1084
80 1277
80 1420
80 1501
80 1694
80 1765
80 1973
80 2051
80 2270
80 2415
80 2538
80 2675
80 2794
80 2912
80 3114
80 3279
80 3413
81 117
81 257
81 396
81 495
81 647
81 802
81 867
81 1046
81 1285
81 1389
81 1510
81 1685
81 1740
81 2011
81 2111
81 2262
81 2381
81 2488
81 2612
81 2749
81 2971
81 3051
81 3246
81 3434
82 49
82 164
82 291
82 497
82 700
82 757
82 940
82 1026
82 1245
82 1297
82 1491
82 1654
82 1792
82 2012
82 2060
82 2231
82 2376
82 2516
82 2716
82 2739
82 2949
82 3148
82 3229
82 3396
83 144
83 262
83 341
83 437
83 624
83 767
83 943
83 1104
83 1266
83 1431
83 1533
83 1728
83 1840
83 1933
83 2097
83 2229
83 2361
83 2465
83 2648
83 2738
83 2950
83 3139
83 3280
83 3391
84 142
84 188
84 399
84 518
84 663
84 734
84 982
84 1065
84 1244
84 1401
84 1460
84 1715
84 1788
84 1969
84 2124
84 2181
84 2387
84 2482
84 2701
84 2740
84 2911
84 3163
84 3211
84 3345
85 136
85 197
85 343
85 532
85 588
85 748
85 880
85 1072
85 1169
85 1328
85 1555
85 1661
85 1860
85 1932
85 2056
85 2227
85 2306
85 2520
85 2694
85 2776
85 3023
85 3152
85 3296
85 3442
86 134
86 200
86 423
86 551
86 677
86 860
86 947
86 1137
86 1291
86 1378
86 1495
86 1620
86 1736
86 1966
86 2102
86 2243
86 2425
86 2522
86 2636
86 2754
86 3014
86 3090
86 3305
86 3378
87 119
87 225
87 327
87 508
87 633
87 809
87 985
87 1063
87 1233
87 1300
87 1483
87 1701
87 1793
87 1964
87 2139
87 2286
87 2309
87 2494
87 2682
87 2810
87 3021
87 3134
87 3291
87 3359
88 121
88 277
88 380
88 566
88 719
88 759
88 993
88 1035
88 1154
88 1426
88 1515
88 1675
88 1823
88 1923
88 2044
88 2193
88 2426
88 2527
88 2690
88 2752
88 2967
88 3100
88 3234
88 3339
89 87
89 176
89 372
89 468
89 615
89 822
89 1003
89 1032
89 1186
89 1434
89 1478
89 1706
89 1734
89 1931
89 2136
89 2201
89 2308
89 2534
89 2721
89 2758
89 2953
89 3066
89 3180
89 3439
90 139
90 208
90 300
90 435
90 650
90 805
90 890
90 1127
90 1270
90 1302
90 1522
90 1673
90 1815
90 1974
90 2107
90 2303
90 2345
90 2572
90 2597
90 2865
90 2929
90 3121
90 3227
90 3329
91 23
91 177
91 427
91 528
91 578
91 819
91 957
91 1031
91 1178
91 1432
91 1540
91 1636
91 1769
91 1880
91 2131
91 2238
91 2442
91 2529
91 2595
91 2845
91 2900
91 3062
91 3247
91 3401
92 81
92 263
92 317
92 516
92 637
92 824
92 929
92 1133
92 1296
92 1429
92 1457
92 1680
92 1826
92 1929
92 2043
92 2209
92 2363
92 2570
92 2659
92 2807
92 2908
92 3110
92 3290
92 3420
93 20
93 209
93 296
93 452
93 642
93 849
93 976
93 1136
93 1241
93 1312
93 1576
93 1653
93 1856
93 1988
93 2095
93 2168
93 2409
93 2564
93 2651
93 2815
93 2883
93 3080
93 3237
93 3351
94 83
94 235
94 289
94 471
94 651
94 792
94 925
94 1011
94 1255
94 1357
94 1516
94 1696
94 1764
94 1921
94 2055
94 2206
94 2366
94 2504
94 2663
94 2829
94 2932
94 3064
94 3218
94 3447
95 35
95 178
95 360
95 515
95 583
95 852
95 953
95 1066
95 1185
95 1435
95 1573
95 1681
95 1790
95 1887
95 2033
95 2267
95 2379
95 2507
95 2658
95 2767
95 2991
95 3109
95 3256
95 3446
96 78
96 244
96 386
96 483
96 681
96 851
96 965
96 1044
96 1195
96 1371
96 1582
96 1589
96 1835
96 1890
96 2088
96 2174
96 2417
96 2561
96 2653
96 2841
96 3018
96 3145
96 3244
96 3367
97 55
97 237
97 347
97 527
97 718
97 772
97 900
97 1106
97 1202
97 1325
97 1508
97 1668
97 1753
97 1896
97 2074
97 2187
97 2369
97 2458
97 2620
97 2792
97 2957
97 3034
97 3273
97 3399
98 30
98 160
98 352
98 488
98 608
98 806
98 870
98 1089
98 1271
98 1423
98 1513
98 1725
98 1811
98 1990
98 2090
98 2191
98 2321
98 2523
98 2693
98 2852
98 2985
98 3166
98 3269
98 3453
99 101
99 231
99 330
99 538
99 695
99 754
99 967
99 1096
99 1292
99 1306
99 1542
99 1622
99 1799
99 1891
99 2041
99 2239
99 2312
99 2530
99 2723
99 2745
99 2897
99 3052
99 3194
99 3350
100 89
100 248
100 428
100 445
100 690
100 737
100 986
100 1139
100 1219
100 1304
100 1490
100 1607
100 1794
100 2013
100 2045
100 2175
100 2340
100 2455
100 2709
100 2863
100 2975
100 3079
100 3293
100 3437
101 132
101 179
101 383
101 498
101 684
101 781
101 866
101 1052
101 1275
101 1329
101 1485
101 1702
101 1739
101 1927
101 2100
101 2194
101 2348
101 2576
101 2717
101 2778
101 2979
101 3067
101 3182
101 3428
102 104
102 234
102 417
102 492
102 665
102 823
102 932
102 1070
102 1181
102 1406
102 1568
102 1686
102 1848
102 1958
102 2027
102 2198
102 2372
102 2461
102 2650
102 2843
102 3017
102 3116
102 3175
102 3373
103 40
103 190
103 354
103 491
103 610
103 785
103 991
103 1145
103 1276
103 1321
103 1580
103 1684
103 1766
103 1938
103 2080
103 2257
103 2327
103 2512
103 2688
103 2849
103 2940
103 3130
103 3268
103 3334
104 84
104 215
104 400
104 511
104 601
104 725
104 977
104 1138
104 1267
104 1425
104 1445
104 1693
104 1813
104 1930
104 2134
104 2216
104 2386
104 2571
104 2656
104 2788
104 2906
104 3167
104 3181
104 3316
105 50
105 239
105 422
105 522
105 697
105 848
105 988
105 1108
105 1286
105 1394
105 1571
105 1647
105 1746
105 1996
105 2022
105 2287
105 2367
105 2479
105 2593
105 2869
105 2982
105 3085
105 3203
105 3332
106 39
106 145
106 363
106 555
106 599
106 793
106 865
106 1061
106 1173
106 1347
106 1583
106 1704
106 1754
106 1965
106 2035
106 2258
106 2344
106 2548
106 2641
106 2789
106 2902
106 3168
106 3199
106 3406
107 90
107 258
107 332
107 440
107 586
107 733
107 973
107 1135
107 1156
107 1397
107 1559
107 1610
107 1812
107 1899
107 2020
107 2249
107 2307
107 2460
107 2680
107 2811
107 2954
107 3161
107 3264
107 3368
108 126
108 169
108 384
108 500
108 710
108 815
108 923
108 1140
108 1281
108 1343
108 1527
108 1642
108 1761
108 1905
108 2040
108 2192
108 2377
108 2587
108 2669
108 2833
108 2907
108 3105
108 3202
108 3344
109 48
109 150
109 416
109 571
109 679
109 770
109 1007
109 1009
109 1260
109 1350
109 1584
109 1619
109 1797
109 1924
109 2048
109 2293
109 2378
109 2495
109 2733
109 2741
109 2961
109 3055
109 3189
109 3320
110 131
110 218
110 342
110 470
110 603
110 816
110 905
110 1095
110 1226
110 1322
110 1553
110 1617
110 1784
110 1889
110 2049
110 2203
110 2441
110 2521
110 2695
110 2777
110 2925
110 3119
110 3298
110 3328
111 140
111 249
111 356
111 438
111 581
111 799
111 916
111 1081
111 1294
111 1410
111 1451
111 1652
111 1865
111 1980
111 2087
111 2166
111 2305
111 2500
111 2728
111 2835
111 2914
111 3076
111 3254
111 3409
112 5
112 270
112 410
112 466
112 585
112 729
112 915
112 1040
112 1184
112 1372
112 1565
112 1727
112 1742
112 1959
112 2017
112 2199
112 2431
112 2490
112 2605
112 2793
112 2931
112 3096
112 3215
112 3384
113 66
113 174
113 309
113 458
113 668
113 753
113 1004
113 1100
113 1166
113 1337
113 1560
113 1670
113 1752
113 1883
113 2115
113 2171
113 2338
113 2532
113 2729
113 2832
113 2989
113 3104
113 3271
113 3455
114 109
114 149
114 379
114 549
114 706
114 796
114 913
114 1016
114 1236
114 1345
114 1456
114 1612
114 1818
114 2002
114 2121
114 2223
114 2403
114 2549
114 2673
114 2824
114 3005
114 3129
114 3184
114 3370
115 116
115 182
115 344
115 476
115 703
115 777
115 1008
115 1123
115 1182
115 1332
115 1536
115 1712
115 1839
115 2006
115 2047
115 2273
115 2352
115 2450
115 2714
115 2750
115 3003
115 3081
115 3311
115 3415
116 114
116 194
116 391
116 472
116 680
116 749
116 899
116 1110
116 1224
116 1340
116 1462
116 1703
116 1771
116 2010
116 2158
116 2205
116 2370
116 2502
116 2698
116 2806
116 2910
116 3047
116 3235
116 3395
117 21
117 223
117 308
117 560
117 593
117 798
117 897
117 1036
117 1220
117 1324
117 1471
117 1713
117 1825
117 1946
117 2071
117 2172
117 2359
117 2541
117 2727
117 2858
117 2924
117 3071
117 3294
117 3366
118 29
118 283
118 376
118 531
118 641
118 728
118 944
118 1146
118 1263
118 1335
118 1556
118 1626
118 1750
118 1947
118 2110
118 2283
118 2423
118 2542
118 2708
118 2854
118 2939
118 3124
118 3214
118 3337
119 74
119 207
119 405
119 574
119 587
119 820
119 876
119 1050
119 1229
119 1346
119 1572
119 1695
119 1782
119 2014
119 2146
119 2255
119 2341
119 2513
119 2618
119 2816
119 2999
119 3082
119 3176
119 3352
120 122
120 193
120 310
120 496
120 664
120 847
120 884
120 1124
120 1163
120 1351
120 1561
120 1664
120 1801
120 1898
120 2079
120 2179
120 2382
120 2456
120 2707
120 2812
120 2905
120 3162
120 3272
120 3403
121 3
121 242
121 385
121 558
121 614
121 817
121 930
121 1094
121 1193
121 1416
121 1444
121 1662
121 1857
121 1925
121 2106
121 2259
121 2422
121 2466
121 2677
121 2870
121 2945
121 3155
121 3217
121 3353
122 28
122 285
122 314
122 544
122 592
122 835
122 869
122 1087
122 1261
122 1356
122 1526
122 1621
122 1853
122 1972
122 2070
122 2240
122 2432
122 2535
122 2705
122 2770
122 2888
122 3054
122 3231
122 3379
123 8
123 162
123 321
123 469
123 661
123 788
123 974
123 1068
123 1269
123 1392
123 1575
123 1677
123 1806
123 1914
123 2059
123 2301
123 2337
123 2497
123 2734
123 2746
123 2938
123 3112
123 3303
123 3430
124 95
124 280
124 359
124 530
124 683
124 818
124 926
124 1128
124 1192
124 1369
124 1494
124 1679
124 1841
124 1901
124 2036
124 2228
124 2333
124 2560
124 2719
124 2737
124 2920
124 3115
124 3299
124 3404
125 56
125 264
125 431
125 543
125 648
125 826
125 927
125 1134
125 1210
125 1439
125 1532
125 1722
125 1796
125 1879
125 2127
125 2274
125 2413
125 2467
125 2697
125 2828
125 2968
125 3070
125 3200
125 3362
126 6
126 199
126 409
126 517
126 702
126 833
126 868
126 1113
126 1179
126 1408
126 1484
126 1683
126 1781
126 1926
126 2018
126 2219
126 2330
126 2472
126 2640
126 2760
126 2994
126 3042
126 3248
126 3400
127 9
127 203
127 408
127 439
127 632
127 724
127 872
127 1074
127 1273
127 1331
127 1567
127 1714
127 1843
127 1877
127 2137
127 2296
127 2349
127 2508
127 2699
127 2753
127 2960
127 3089
127 3307
127 3386
128 137
128 273
128 424
128 520
128 699
128 828
128 1006
128 1030
128 1180
128 1320
128 1454
128 1618
128 1786
128 2009
128 2109
128 2282
128 2326
128 2551
128 2670
128 2808
128 2969
128 3147
128 3233
128 3357
129 64
129 252
129 412
129 557
129 712
129 794
129 922
129 1132
129 1172
129 1311
129 1554
129 1599
129 1861
129 1981
129 2076
129 2204
129 2396
129 2452
129 2614
129 2785
129 3013
129 3113
129 3221
129 3355
130 99
130 272
130 340
130 461
130 682
130 830
130 1001
130 1077
130 1283
130 1330
130 1467
130 1660
130 1775
130 1922
130 2160
130 2253
130 2311
130 2531
130 2692
130 2759
130 2947
130 3091
130 3185
130 3456
131 72
131 276
131 311
131 513
131 716
131 766
131 948
131 1051
131 1235
131 1375
131 1503
131 1669
131 1828
131 1875
131 2147
131 2256
131 2404
131 2567
131 2631
131 2877
131 2958
131 3107
131 3276
131 3374
132 7
132 204
132 432
132 572
132 609
132 765
132 938
132 1116
132 1254
132 1433
132 1449
132 1699
132 1787
132 1982
132 2019
132 2177
132 2433
132 2550
132 2654
132 2842
132 2895
132 3133
132 3260
132 3376
133 96
133 236
133 404
133 546
133 659
133 751
133 983
133 1129
133 1161
133 1319
133 1534
133 1616
133 1729
133 2004
133 2042
133 2261
133 2394
133 2536
133 2632
133 2755
133 2988
133 3038
133 3178
133 3314
134 103
134 152
134 316
134 487
134 623
134 745
134 936
134 1048
134 1211
134 1438
134 1530
134 1602
134 1864
134 1963
134 2034
134 2200
134 2323
134 2518
134 2706
134 2840
134 2882
134 3106
134 3192
134 3421
135 75
135 198
135 324
135 570
135 678
135 735
135 902
135 1057
135 1212
135 1430
135 1470
135 1611
135 1772
135 1951
135 2091
135 2294
135 2336
135 2457
135 2687
135 2853
135 3024
135 3083
135 3282
135 3389
136 80
136 260
136 335
136 490
136 655
136 758
136 949
136 1071
136 1165
136 1402
136 1569
136 1603
136 1866
136 2003
136 2145
136 2297
136 2443
136 2491
136 2628
136 2876
136 3004
136 3036
136 3245
136 3429
137 92
137 288
137 325
137 462
137 635
137 859
137 998
137 1141
137 1234
137 1308
137 1492
137 1588
137 1832
137 1937
137 2148
137 2236
137 2418
137 2579
137 2627
137 2784
137 2974
137 3061
137 3241
137 3433
138 65
138 211
138 292
138 449
138 631
138 727
138 984
138 1147
138 1253
138 1415
138 1441
138 1700
138 1758
138 1955
138 2050
138 2244
138 2335
138 2524
138 2712
138 2856
138 2884
138 3044
138 3177
138 3402
139 59
139 167
139 388
139 480
139 590
139 722
139 952
139 1012
139 1205
139 1398
139 1557
139 1598
139 1733
139 1908
139 2024
139 2224
139 2332
139 2574
139 2624
139 2866
139 2943
139 3035
139 3186
139 3348
140 120
140 227
140 371
140 485
140 654
140 812
140 892
140 1013
140 1246
140 1354
140 1581
140 1596
140 1802
140 2016
140 2122
140 2278
140 2399
140 2569
140 2637
140 2797
140 2996
140 3037
140 3238
140 3342
141 128
141 219
141 369
141 576
141 622
141 850
141 997
141 1148
141 1287
141 1383
141 1523
141 1613
141 1868
141 1940
141 2073
141 2212
141 2371
141 2580
141 2630
141 2748
141 2984
141 3084
141 3242
141 3451
142 67
142 226
142 420
142 564
142 709
142 763
142 968
142 1112
142 1191
142 1367
142 1577
142 1592
142 1847
142 1912
142 2098
142 2169
142 2424
142 2552
142 2715
142 2765
142 2934
142 3128
142 3253
142 3385
143 13
143 172
143 392
143 436
143 613
143 845
143 963
143 1021
143 1189
143 1309
143 1455
143 1690
143 1858
143 1961
143 2118
143 2254
143 2310
143 2496
143 2726
143 2839
143 2937
143 3027
143 3209
143 3450
144 53
144 241
144 365
144 499
144 653
144 841
144 950
144 1126
144 1252
144 1305
144 1570
144 1627
144 1854
144 1884
144 2099
144 2173
144 2434
144 2498
144 2613
144 2834
144 2890
144 3039
144 3270
144 3377
1 3714
1 4018
1 4739
1 4897
1 5425
1 5774
1 6391
1 6742
2 3705
2 4258
2 4430
2 4909
2 5198
2 5909
2 6402
2 6595
3 3621
3 4214
3 4717
3 4792
3 5481
3 5860
3 6413
3 6830
4 3765
4 3896
4 4644
4 5116
4 5438
4 6004
4 6062
4 6545
5 3504
5 3920
5 4748
5 5133
5 5616
5 5782
5 6094
5 6511
6 3488
6 3967
6 4639
6 5129
6 5185
6 5640
6 6138
6 6900
7 3831
7 4064
7 4490
7 4778
7 5581
7 5979
7 6320
7 6591
8 3674
8 3947
8 4733
8 5054
8 5310
8 5993
8 6244
8 6832
9 3682
9 3955
9 4605
9 4983
9 5463
9 5837
9 6141
9 6616
10 3612
10 4162
10 4698
10 5030
10 5428
10 5809
10 6298
10 6782
11 3542
11 4143
11 4527
11 5172
11 5584
11 5778
11 6245
11 6790
12 3465
12 4151
12 4424
12 5037
12 5575
12 5853
12 6280
12 6539
13 3588
13 4299
13 4529
13 5068
13 5350
13 5986
13 6343
13 6609
14 3573
14 4141
14 4544
14 5043
14 5591
14 5941
14 6303
14 6883
15 3628
15 3999
15 4543
15 5159
15 5389
15 5842
15 6148
15 6839
16 3688
16 4031
16 4724
16 4782
16 5316
16 5910
16 6252
16 6720
17 3531
17 4042
17 4523
17 4789
17 5554
17 5893
17 6461
17 6636
18 3643
18 4119
18 4591
18 5088
18 5256
18 5657
18 6412
18 6867
19 3727
19 4107
19 4501
19 4895
19 5402
19 5884
19 6443
19 6780
20 3837
20 3965
20 4685
20 4830
20 5468
20 5930
20 6318
20 6865
21 3700
21 4069
21 4457
21 5064
21 5346
21 5701
21 6279
21 6516
22 3555
22 4236
22 4684
22 4931
22 5521
22 6014
22 6257
22 6744
23 3782
23 4094
23 4391
23 4801
23 5203
23 5713
23 6185
23 6669
24 3867
24 3946
24 4530
24 4781
24 5526
24 6006
24 6129
24 6493
25 3726
25 4199
25 4352
25 4920
25 5375
25 5995
25 6308
25 6643
26 3462
26 3922
26 4580
26 5056
26 5409
26 5913
26 6432
26 6593
27 3530
27 4189
27 4361
27 4863
27 5258
27 5619
27 6109
27 6629
28 3741
28 3997
28 4520
28 4994
28 5574
28 5840
28 6470
28 6879
29 3475
29 4255
29 4417
29 5070
29 5317
29 5957
29 6442
29 6698
30 3499
30 4113
30 4555
30 4885
30 5263
30 5761
30 6317
30 6760
31 3545
31 4215
31 4642
31 4964
31 5202
31 5752
31 6243
31 6911
32 3596
32 4116
32 4636
32 5128
32 5452
32 5639
32 6330
32 6665
33 3486
33 4275
33 4383
33 5141
33 5506
33 5901
33 6363
33 6764
34 3540
34 3941
34 4646
34 5053
34 5190
34 5643
34 6348
34 6877
35 3851
35 3948
35 4370
35 5014
35 5410
35 6018
35 6389
35 6901
36 3804
36 3910
36 4403
36 5097
36 5373
36 5826
36 6398
36 6891
37 3861
37 4292
37 4413
37 4900
37 5602
37 5832
37 6307
37 6721
38 3651
38 4227
38 4381
38 4911
38 5517
38 5841
38 6091
38 6739
39 3696
39 4156
39 4747
39 5123
39 5609
39 5843
39 6233
39 6714
40 3829
40 3900
40 4633
40 4893
40 5501
40 5912
40 6260
40 6842
41 3681
41 4174
41 4629
41 4984
41 5426
41 5707
41 6072
41 6600
42 3718
42 4234
42 4509
42 5163
42 5427
42 5917
42 6351
42 6778
43 3685
43 3991
43 4498
43 5048
43 5333
43 5997
43 6126
43 6661
44 3779
44 3954
44 4553
44 4788
44 5461
44 5627
44 6057
44 6497
45 3794
45 4111
45 4485
45 4854
45 5200
45 5989
45 6239
45 6712
46 3511
46 3977
46 4603
46 5025
46 5534
46 5914
46 6274
46 6623
47 3767
47 4274
47 4693
47 4980
47 5498
47 5885
47 6360
47 6610
48 3624
48 4058
48 4738
48 4845
48 5248
48 5866
48 6054
48 6563
49 3733
49 4008
49 4526
49 4970
49 5580
49 5624
49 6164
49 6496
50 3571
50 4054
50 4491
50 4894
50 5404
50 5818
50 6287
50 6783
51 3792
51 4306
51 4339
51 5073
51 5241
51 5662
51 6207
51 6524
52 3859
52 4104
52 4625
52 5158
52 5286
52 5827
52 6277
52 6751
53 3839
53 3893
53 4399
53 5121
53 5287
53 5649
53 6328
53 6635
54 3512
54 4171
54 4459
54 4959
54 5532
54 5758
54 6472
54 6727
55 3704
55 3970
55 4596
55 5075
55 5354
55 5811
55 6423
55 6722
56 3828
56 4034
56 4607
56 4822
56 5228
56 5720
56 6315
56 6547
57 3856
57 4203
57 4456
57 4780
57 5192
57 5700
57 6316
57 6653
58 3845
58 4028
58 4624
58 4839
58 5493
58 5762
58 6441
58 6577
59 3865
59 4217
59 4368
59 4762
59 5205
59 5765
59 6248
59 6515
60 3670
60 4022
60 4675
60 5126
60 5598
60 5985
60 6414
60 6729
61 3769
61 4184
61 4729
61 5072
61 5478
61 5894
61 6210
61 6584
62 3666
62 3992
62 4742
62 5177
62 5491
62 5688
62 6170
62 6768
63 3708
63 4044
63 4488
63 5178
63 5273
63 5898
63 6238
63 6817
64 3791
64 4226
64 4687
64 4921
64 5264
64 5698
64 6147
64 6802
65 3470
65 3905
65 4463
65 5071
65 5544
65 5734
65 6219
65 6552
66 3618
66 4309
66 4635
66 4848
66 5308
66 5770
66 6178
66 6734
67 3653
67 4196
67 4437
67 4755
67 5590
67 5684
67 6074
67 6596
68 3801
68 4278
68 4351
68 5012
68 5396
68 5779
68 6390
68 6711
69 3735
69 3931
69 4451
69 5080
69 5561
69 5874
69 6346
69 6776
70 3664
70 4216
70 4445
70 5011
70 5464
70 5666
70 6290
70 6494
71 3663
71 4074
71 4481
71 4847
71 5339
71 5834
71 6408
71 6566
72 3562
72 4239
72 4740
72 5076
72 5430
72 5753
72 6105
72 6603
73 3466
73 4268
73 4344
73 4809
73 5466
73 5872
73 6439
73 6859
74 3707
74 3938
74 4744
74 4808
74 5280
74 6017
74 6420
74 6554
75 3529
75 4015
75 4709
75 5033
75 5500
75 5645
75 6241
75 6589
76 3541
76 3950
76 4657
76 5138
76 5381
76 5900
76 6349
76 6863
77 3879
77 4079
77 4681
77 5098
77 5458
77 5999
77 6450
77 6613
78 3770
78 4043
78 4606
78 5169
78 5611
78 5933
78 6085
78 6885
79 3593
79 3925
79 4593
79 4891
79 5315
79 5719
79 6177
79 6672
80 3777
80 4121
80 4367
80 4887
80 5194
80 6048
80 6073
80 6687
81 3516
81 4176
81 4690
81 5028
81 5293
81 5870
81 6195
81 6804
82 3566
82 4149
82 4654
82 4855
82 5593
82 5674
82 6383
82 6861
83 3652
83 4118
83 4440
83 5074
83 5282
83 5992
83 6145
83 6533
84 3665
84 4153
84 4382
84 5067
84 5546
84 5845
84 6313
84 6723
85 3760
85 3949
85 4647
85 4858
85 5303
85 5686
85 6174
85 6502
86 3508
86 4146
86 4375
86 5114
86 5570
86 5776
86 6204
86 6574
87 3476
87 4210
87 4697
87 5106
87 5441
87 5855
87 6433
87 6578
88 3819
88 4124
88 4552
88 5021
88 5587
88 5792
88 6176
88 6657
89 3473
89 4301
89 4433
89 4926
89 5400
89 5680
89 6299
89 6763
90 3559
90 4098
90 4504
90 5049
90 5252
90 5656
90 6064
90 6682
91 3609
91 4200
91 4531
91 4869
91 5206
91 5865
91 6465
91 6856
92 3585
92 3901
92 4732
92 4910
92 5306
92 5759
92 6213
92 6481
93 3636
93 4159
93 4710
93 4868
93 5465
93 5786
93 6355
93 6731
94 3686
94 3890
94 4524
94 4849
94 5388
94 5784
94 6123
94 6556
95 3753
95 4194
95 4536
95 5096
95 5298
95 5710
95 6418
95 6571
96 3732
96 4257
96 4628
96 5061
96 5297
96 5981
96 6220
96 6886
97 3817
97 3952
97 4458
97 4907
97 5559
97 5650
97 6365
97 6805
98 3873
98 3913
98 4455
98 5168
98 5379
98 5929
98 6236
98 6555
99 3629
99 3898
99 4431
99 4899
99 5440
99 5915
99 6386
99 6815
100 3538
100 4220
100 4467
100 4820
100 5197
100 6026
100 6397
100 6679
101 3460
101 4155
101 4540
101 4779
101 5529
101 5689
101 6171
101 6649
102 3649
102 3923
102 4734
102 4852
102 5355
102 6039
102 6151
102 6691
103 3795
103 3975
103 4669
103 4874
103 5311
103 5882
103 6199
103 6484
104 3796
104 3979
104 4525
104 4816
104 5215
104 5781
104 6426
104 6833
105 3689
105 4290
105 4746
105 5078
105 5270
105 5902
105 6070
105 6874
106 3695
106 4067
106 4650
106 4825
106 5386
106 5737
106 6103
106 6488
107 3679
107 4101
107 4576
107 5099
107 5347
107 5658
107 6385
107 6793
108 3738
108 4050
108 4398
108 5018
108 5236
108 5669
108 6246
108 6787
109 3693
109 3958
109 4450
109 4790
109 5476
109 5952
109 6435
109 6880
110 3617
110 4186
110 4453
110 4882
110 5422
110 5861
110 6063
110 6549
111 3730
111 4006
111 4439
111 4949
111 5407
111 5685
111 6100
111 6639
112 3775
112 4140
112 4583
112 4853
112 5508
112 5751
112 6381
112 6495
113 3600
113 4291
113 4454
113 5089
113 5548
113 5671
113 6376
113 6585
114 3734
114 4135
114 4556
114 4794
114 5334
114 5690
114 6444
114 6761
115 3683
115 4259
115 4584
115 5120
115 5467
115 5637
115 6099
115 6819
116 3720
116 4164
116 4666
116 5094
116 5588
116 5852
116 6452
116 6697
117 3860
117 4181
117 4416
117 4842
117 5536
117 5946
117 6163
117 6641
118 3602
118 3937
118 4582
118 5052
118 5260
118 6022
118 6090
118 6826
119 3818
119 3936
119 4462
119 5110
119 5301
119 5653
119 6149
119 6808
120 3548
120 4033
120 4392
120 4806
120 5302
120 5924
120 6150
120 6544
121 3586
121 3908
121 4500
121 4871
121 5343
121 6001
121 6253
121 6789
122 3505
122 4298
122 4415
122 4813
122 5421
122 5620
122 6166
122 6705
123 3830
123 4185
123 4663
123 4937
123 5292
123 5804
123 6200
123 6558
124 3812
124 4117
124 4410
124 5146
124 5385
124 5747
124 6422
124 6825
125 3526
125 4288
125 4337
125 4908
125 5543
125 5740
125 6466
125 6736
126 3736
126 3892
126 4671
126 5050
126 5271
126 5644
126 6208
126 6695
127 3574
127 4311
127 4469
127 5059
127 5531
127 5800
127 6410
127 6634
128 3822
128 3928
128 4517
128 5038
128 5319
128 5846
128 6473
128 6642
129 3766
129 3963
129 4679
129 4889
129 5416
129 5823
129 6228
129 6756
130 3811
130 3940
130 4604
130 4957
130 5268
130 6034
130 6050
130 6565
131 3477
131 4125
131 4441
131 5051
131 5269
131 5646
131 6425
131 6795
132 3761
132 4025
132 4609
132 5023
132 5542
132 5695
132 6344
132 6553
133 3567
133 4319
133 4358
133 5112
133 5351
133 5746
133 6340
133 6821
134 3491
134 4066
134 4380
134 4814
134 5606
134 5730
134 6305
134 6800
135 3607
135 4209
135 4731
135 4876
135 5413
135 5966
135 6265
135 6492
136 3762
136 4055
136 4342
136 5092
136 5444
136 5712
136 6142
136 6875
137 3842
137 4317
137 4528
137 5082
137 5229
137 5631
137 6234
137 6519
138 3680
138 4152
138 4558
138 4866
138 5199
138 6046
138 6084
138 6872
139 3699
139 4228
139 4511
139 4996
139 5399
139 5806
139 6158
139 6575
140 3577
140 4020
140 4387
140 4829
140 5454
140 5906
140 6107
140 6594
141 3587
141 4112
141 4589
141 4890
141 5433
141 5967
141 6184
141 6781
142 3690
142 4136
142 4497
142 4954
142 5217
142 5718
142 6217
142 6570
143 3691
143 4248
143 4460
143 4986
143 5377
143 6013
143 6369
143 6513
144 3569
144 4110
144 4442
144 5020
144 5318
144 5863
144 6451
144 6812
145 3595
145 4075
145 4678
145 4969
145 5376
145 5681
145 6104
145 6788
146 3781
146 4195
146 4421
146 4992
146 5349
146 5958
146 6076
146 6598
147 3771
147 3935
147 4487
147 5119
147 5577
147 6025
147 6331
147 6718
148 3883
148 4041
148 4722
148 5173
148 5392
148 5787
148 6125
148 6769
149 3764
149 4287
149 4348
149 4873
149 5243
149 5675
149 6061
149 6811
150 3750
150 4046
150 4428
150 4906
150 5232
150 5873
150 6462
150 6628
151 3537
151 4271
151 4577
151 4988
151 5265
151 5813
151 6270
151 6733
152 3797
152 4085
152 4538
152 4955
152 5431
152 5819
152 6168
152 6810
153 3863
153 3986
153 4549
153 5118
153 5239
153 5945
153 6411
153 6564
154 3592
154 4148
154 4434
154 4975
154 5541
154 5789
154 6132
154 6693
155 3780
155 3989
155 4721
155 4798
155 5245
155 5665
155 6282
155 6670
156 3613
156 4251
156 4683
156 5170
156 5329
156 5651
156 6314
156 6568
157 3729
157 4222
157 4695
157 4938
157 5495
157 5741
157 6077
157 6773
158 3484
158 4244
158 4444
158 4835
158 5509
158 5721
158 6323
158 6843
159 3821
159 4023
159 4699
159 5115
159 5267
159 5726
159 6179
159 6873
160 3655
160 4245
160 4323
160 5109
160 5437
160 5805
160 6081
160 6543
161 3627
161 4264
161 4602
161 4804
161 5363
161 6035
161 6319
161 6512
162 3694
162 4212
162 4412
162 4828
162 5408
162 5638
162 6407
162 6831
163 3676
163 4129
163 4610
163 4913
163 5370
163 5642
163 6268
163 6674
164 3654
164 4224
164 4641
164 4787
164 5277
164 6028
164 6300
164 6633
165 3772
165 4102
165 4472
165 4958
165 5233
165 5783
165 6059
165 6588
166 3467
166 4005
166 4599
166 4972
166 5572
166 5954
166 6403
166 6838
167 3754
167 3971
167 4333
167 4903
167 5558
167 6036
167 6428
167 6664
168 3673
168 4040
168 4448
168 5111
168 5434
168 5890
168 6269
168 6615
169 3862
169 4115
169 4730
169 4977
169 5352
169 6021
169 6271
169 6531
170 3519
170 3943
170 4335
170 4765
170 5323
170 5935
170 6321
170 6847
171 3746
171 3968
171 4365
171 5166
171 5366
171 5883
171 6368
171 6797
172 3813
172 3919
172 4601
172 4857
172 5300
172 5694
172 6258
172 6683
173 3458
173 4182
173 4696
173 5124
173 5595
173 5974
173 6467
173 6848
174 3648
174 4198
174 4409
174 4786
174 5525
174 5904
174 6106
174 6909
175 3549
175 4029
175 4648
175 5140
175 5362
175 5618
175 6379
175 6866
176 3583
176 4307
176 4682
176 5015
176 5281
176 5937
176 6335
176 6557
177 3692
177 3990
177 4507
177 4946
177 5360
177 5821
177 6202
177 6822
178 3480
178 3942
178 4332
178 4936
178 5374
178 5738
178 6357
178 6750
179 3522
179 4083
179 4341
179 5065
179 5209
179 5790
179 6108
179 6612
180 3489
180 3993
180 4436
180 5079
180 5394
180 5978
180 6155
180 6486
181 3598
181 4070
181 4598
181 4823
181 5395
181 5817
181 6101
181 6904
182 3472
182 4242
182 4665
182 4884
182 5490
182 5934
182 6098
182 6483
183 3494
183 4167
183 4572
183 5117
183 5356
183 5660
183 6078
183 6823
184 3608
184 4241
184 4704
184 5017
184 5187
184 5892
184 6049
184 6644
185 3668
185 3944
185 4594
185 4979
185 5368
185 5772
185 6337
185 6542
186 3847
186 4014
186 4499
186 5127
186 5449
186 5876
186 6434
186 6835
187 3671
187 4131
187 4435
187 5027
187 5321
187 5925
187 6292
187 6506
188 3482
188 3985
188 4438
188 5147
188 5515
188 5708
188 6354
188 6608
189 3517
189 3932
189 4355
189 4759
189 5600
189 5673
189 6167
189 6536
190 3564
190 4157
190 4362
190 5022
190 5513
190 5633
190 6187
190 6758
191 3644
191 4218
191 4542
191 4961
191 5314
191 5785
191 6387
191 6604
192 3625
192 4282
192 4418
192 5151
192 5567
192 5854
192 6336
192 6522
193 3614
193 4096
193 4385
193 4943
193 5367
193 5768
193 6415
193 6638
194 3523
194 4265
194 4595
194 5122
194 5537
194 5625
194 6436
194 6836
195 3725
195 4099
195 4631
195 4836
195 5380
195 5632
195 6324
195 6728
196 3721
196 3911
196 4714
196 5084
196 5568
196 5670
196 6293
196 6645
197 3557
197 4263
197 4686
197 4981
197 5523
197 6044
197 6188
197 6730
198 3560
198 3906
198 4346
198 4930
198 5505
198 5630
198 6128
198 6753
199 3510
199 3927
199 4545
199 4991
199 5475
199 5810
199 6275
199 6700
200 3575
200 4132
200 4343
200 5152
200 5250
200 6027
200 6440
200 6740
201 3497
201 4130
201 4706
201 5042
201 5585
201 5862
201 6122
201 6840
202 3623
202 4256
202 4510
202 4850
202 5462
202 5975
202 6401
202 6717
203 3554
203 3959
203 4659
203 5029
203 5596
203 6005
203 6096
203 6660
204 3672
204 3924
204 4672
204 4993
204 5218
204 5833
204 6118
204 6503
205 3716
205 3894
205 4373
205 4864
205 5571
205 5905
205 6221
205 6582
206 3471
206 4166
206 4420
206 4974
206 5257
206 5838
206 6350
206 6845
207 3850
207 4128
207 4608
207 5010
207 5412
207 5879
207 6333
207 6719
208 3805
208 3980
208 4597
208 4888
208 5211
208 5891
208 6455
208 6709
209 3637
209 4076
209 4329
209 5019
209 5453
209 5788
209 6446
209 6869
210 3871
210 4145
210 4638
210 5034
210 5484
210 5714
210 6480
210 6809
211 3518
211 4223
211 4578
211 4774
211 5565
211 5847
211 6060
211 6551
212 3457
212 3961
212 4443
212 4940
212 5480
212 5950
212 6431
212 6504
213 3802
213 3987
213 4741
213 4881
213 5204
213 5711
213 6183
213 6622
214 3798
214 4308
214 4569
214 4837
214 5551
214 6029
214 6312
214 6523
215 3563
215 4208
215 4372
215 4760
215 5446
215 5705
215 6153
215 6699
216 3550
216 4158
216 4331
216 5046
216 5494
216 5867
216 6463
216 6573
217 3487
217 4237
217 4364
217 4892
217 5259
217 5733
217 6216
217 6546
218 3757
218 4027
218 4452
218 4812
218 5332
218 6047
218 6232
218 6592
219 3799
219 3956
219 4475
219 4944
219 5238
219 5956
219 6139
219 6685
220 3748
220 4286
220 4586
220 5093
220 5384
220 5699
220 6273
220 6858
221 3835
221 4154
221 4565
221 5175
221 5285
221 5696
221 6102
221 6499
222 3528
222 4062
222 4547
222 5132
222 5328
222 5635
222 6097
222 6659
223 3521
223 4193
223 4468
223 5134
223 5401
223 5976
223 6112
223 6611
224 3532
224 4211
224 4350
224 5026
224 5442
224 5897
224 6089
224 6732
225 3568
225 4078
225 4575
225 4867
225 5223
225 5622
225 6227
225 6905
226 3546
226 4017
226 4559
226 4770
226 5474
226 5807
226 6366
226 6501
227 3641
227 4097
227 4623
227 4915
227 5210
227 6020
227 6393
227 6624
228 3603
228 4304
228 4546
228 4877
228 5583
228 5814
228 6295
228 6647
229 3500
229 4281
229 4484
229 5181
229 5443
229 5655
229 6115
229 6741
230 3768
230 4284
230 4630
230 5057
230 5212
230 5820
230 6067
230 6491
231 3611
231 4272
231 4522
231 4929
231 5326
231 5991
231 6065
231 6785
232 3514
232 4305
232 4574
232 5104
232 5262
232 5948
232 6374
232 6680
233 3749
233 4178
233 4354
233 4832
233 5497
233 5953
233 6146
233 6605
234 3823
234 4190
234 4449
234 4912
234 5296
234 5815
234 6457
234 6658
235 3631
235 4294
235 4336
235 4807
235 5439
235 5745
235 6478
235 6689
236 3594
236 4238
236 4615
236 4998
236 5246
236 6016
236 6327
236 6702
237 3601
237 4007
237 4674
237 5144
237 5249
237 5888
237 6438
237 6668
238 3739
238 4134
238 4388
238 4901
238 5240
238 5919
238 6111
238 6509
239 3728
239 4165
239 4617
239 4769
239 5455
239 5775
239 6259
239 6862
240 3584
240 3945
240 4334
240 4784
240 5564
240 5763
240 6356
240 6587
241 3810
241 3907
241 4561
241 4898
241 5387
241 5661
241 6372
241 6791
242 3533
242 4163
242 4566
242 5044
242 5411
242 5731
242 6296
242 6749
243 3709
243 4254
243 4588
243 4967
243 5338
243 5706
243 6196
243 6632
244 3507
244 4233
244 4573
244 4761
244 5304
244 5836
244 6160
244 6801
245 3877
245 4114
245 4327
245 4870
245 5576
245 5732
245 6110
245 6599
246 3535
246 3921
246 4703
246 4916
246 5553
246 5703
246 6165
246 6514
247 3869
247 3982
247 4476
247 5007
247 5520
247 5636
247 6192
247 6656
248 3647
248 3891
248 4515
248 5154
248 5483
248 5968
248 6437
248 6765
249 3544
249 3899
249 4477
249 5135
249 5547
249 5652
249 6229
249 6766
250 3646
250 4072
250 4369
250 4753
250 5562
250 5949
250 6134
250 6650
251 3640
251 4205
251 4662
251 5113
251 5552
251 5797
251 6475
251 6746
252 3658
252 3926
252 4512
252 4982
252 5220
252 5926
252 6182
252 6675
253 3561
253 4071
253 4743
253 5167
253 5335
253 5830
253 6066
253 6620
254 3701
254 3983
254 4328
254 4824
254 5528
254 5996
254 6173
254 6820
255 3888
255 3909
255 4396
255 4797
255 5586
255 5623
255 6284
255 6803
256 3675
256 4221
256 4521
256 4783
256 5331
256 5724
256 6197
256 6646
257 3620
257 3951
257 4426
257 5086
257 5414
257 5961
257 6135
257 6708
258 3502
258 3972
258 4689
258 5062
258 5487
258 5697
258 6075
258 6837
259 3786
259 4004
259 4429
259 5165
259 5312
259 5907
259 6069
259 6559
260 3743
260 4065
260 4554
260 4952
260 5582
260 5972
260 6175
260 6890
261 3645
261 4052
261 4688
261 4811
261 5486
261 5767
261 6448
261 6898
262 3534
262 4090
262 4557
262 5009
262 5594
262 5980
262 6400
262 6694
263 3807
263 4235
263 4482
263 5008
263 5230
263 5647
263 6364
263 6667
264 3506
264 4252
264 4513
264 4860
264 5348
264 5641
264 6209
264 6692
265 3773
265 3912
265 4535
265 5083
265 5345
265 5936
265 6152
265 6738
266 3710
266 4170
266 4587
266 4840
266 5222
266 5808
266 6172
266 6752
267 3820
267 4077
267 4486
267 5047
267 5365
267 5760
267 6334
267 6507
268 3793
268 4144
268 4616
268 4997
268 5261
268 5729
268 6198
268 6710
269 3606
269 4316
269 4406
269 4933
269 5398
269 5850
269 6205
269 6640
270 3478
270 4081
270 4471
270 4865
270 5492
270 5960
270 6276
270 6870
271 3843
271 4095
271 4723
271 4942
271 5557
271 5911
271 6417
271 6807
272 3803
272 4073
272 4360
272 4805
272 5251
272 5794
272 6186
272 6537
273 3763
273 4106
273 4634
273 4827
273 5357
273 6000
273 6382
273 6534
274 3887
274 4293
274 4514
274 4989
274 5504
274 5856
274 6309
274 6606
275 3591
275 4160
275 4728
275 4838
275 5353
275 5795
275 6161
275 6757
276 3659
276 4009
276 4736
276 4817
276 5383
276 5955
276 6116
276 6567
277 3854
277 4246
277 4371
277 4815
277 5324
277 6042
277 6083
277 6525
278 3610
278 4285
278 4414
278 4772
278 5604
278 5764
278 6250
278 6535
279 3578
279 3978
279 4503
279 5150
279 5341
279 6008
279 6373
279 6673
280 3635
280 4296
280 4394
280 5148
280 5456
280 5683
280 6162
280 6671
281 3884
281 3995
281 4661
281 5085
281 5614
281 6012
281 6427
281 6500
282 3744
282 4300
282 4378
282 5058
282 5403
282 5973
282 6294
282 6796
283 3846
283 3889
283 4419
283 4826
283 5524
283 5896
283 6404
283 6888
284 3740
284 4161
284 4541
284 5162
284 5448
284 6003
284 6218
284 6754
285 3841
285 3981
285 4330
285 4803
285 5390
285 5977
285 6086
285 6792
286 3742
286 3996
286 4374
286 4754
286 5253
286 5983
286 6212
286 6576
287 3622
287 4024
287 4470
287 4928
287 5247
287 5994
287 6459
287 6550
288 3539
288 4089
288 4539
288 5103
288 5235
288 5880
288 6429
288 6903
289 3525
289 4137
289 4326
289 5005
289 5519
289 5676
289 6056
289 6755
290 3844
290 3897
290 4402
290 4904
290 5447
290 5723
290 6082
290 6748
291 3657
291 4270
291 4600
291 4966
291 5208
291 5824
291 6052
291 6627
292 3669
292 3973
292 4479
292 4962
292 5372
292 5895
292 6362
292 6690
293 3678
293 4314
293 4676
293 5024
293 5393
293 5887
293 6278
293 6666
294 3852
294 4312
294 4620
294 4777
294 5322
294 5716
294 6226
294 6652
295 3881
295 3914
295 4321
295 5077
295 5459
295 5628
295 6322
295 6894
296 3474
296 4202
296 4465
296 4785
296 5482
296 5749
296 6130
296 6617
297 3581
297 4021
297 4725
297 4846
297 5225
297 5799
297 6405
297 6857
298 3638
298 4126
298 4652
298 4818
298 5507
298 6030
298 6247
298 6713
299 3572
299 4229
299 4585
299 5002
299 5188
299 5871
299 6396
299 6548
300 3551
300 4150
300 4519
300 4833
300 5472
300 5717
300 6453
300 6572
301 3882
301 4142
301 4621
301 4861
301 5344
301 5851
301 6424
301 6771
302 3715
302 4036
302 4393
302 5095
302 5244
302 6031
302 6137
302 6560
303 3513
303 4002
303 4745
303 5101
303 5560
303 5739
303 6237
303 6774
304 3712
304 4037
304 4363
304 5105
304 5502
304 5709
304 6133
304 6540
305 3483
305 4207
305 4483
305 5156
305 5337
305 5939
305 6339
305 6860
306 3788
306 3988
306 4673
306 4776
306 5610
306 5969
306 6430
306 6737
307 3576
307 3915
307 4632
307 5069
307 5419
307 5621
307 6477
307 6703
308 3833
308 4001
308 4735
308 4968
308 5499
308 6011
308 6310
308 6735
309 3855
309 4289
309 4464
309 4793
309 5451
309 5735
309 6474
309 6490
310 3784
310 4280
310 4655
310 5130
310 5224
310 5858
310 6215
310 6846
311 3836
311 4082
311 4516
311 4843
311 5201
311 5998
311 6421
311 6677
312 3485
312 4011
312 4401
312 5063
312 5423
312 6038
312 6291
312 6881
313 3599
313 4188
313 4423
313 4795
313 5266
313 5943
313 6214
313 6849
314 3605
314 4100
314 4712
314 5006
314 5538
314 6007
314 6272
314 6851
315 3800
315 4260
315 4571
315 5045
315 5242
315 5722
315 6068
315 6827
316 3509
316 4051
316 4422
316 5100
316 5473
316 5831
316 6352
316 6597
317 3755
317 3903
317 4592
317 4810
317 5336
317 5798
317 6285
317 6601
318 3783
318 4147
318 4715
318 5039
318 5196
318 5796
318 6456
318 6907
319 3642
319 4030
319 4701
319 5108
319 5342
319 5963
319 6304
319 6806
320 3756
320 3917
320 4702
320 5180
320 5556
320 5677
320 6289
320 6607
321 3490
321 3904
321 4447
321 5164
321 5566
321 5881
321 6281
321 6724
322 3495
322 3934
322 4611
322 5001
322 5514
322 5868
322 6121
322 6485
323 3589
323 4240
323 4626
323 4924
323 5305
323 6032
323 6051
323 6538
324 3469
324 4266
324 4618
324 4763
324 5216
324 5769
324 6394
324 6910
325 3527
325 4183
325 4614
325 5125
325 5191
325 5878
325 6201
325 6626
326 3731
326 4225
326 4390
326 5153
326 5406
326 5829
326 6053
326 6621
327 3677
327 4019
327 4581
327 4925
327 5450
327 5816
327 6306
327 6619
328 3838
328 4187
328 4505
328 4950
328 5221
328 5750
328 6388
328 6631
329 3615
329 3966
329 4508
329 4800
329 5382
329 5629
329 6325
329 6897
330 3825
330 4175
330 4324
330 5031
330 5369
330 5691
330 6409
330 6814
331 3481
331 4032
331 4349
331 4999
331 5186
331 6002
331 6225
331 6518
332 3503
332 4219
332 4750
332 5040
332 5358
332 5757
332 6392
332 6868
333 3787
333 4283
333 4656
333 4917
333 5477
333 5771
333 6157
333 6895
334 3776
334 4231
334 4345
334 5004
334 5234
334 5839
334 6131
334 6527
335 3870
335 4133
335 4570
335 5136
335 5549
335 5931
335 6119
335 6583
336 3724
336 4173
336 4670
336 4875
336 5307
336 5802
336 6361
336 6529
337 3785
337 3916
337 4653
337 4914
337 5288
337 5921
337 6399
337 6655
338 3747
338 4092
338 4397
338 4844
338 5601
338 5990
338 6242
338 6580
339 3752
339 3994
339 4466
339 4841
339 5460
339 5715
339 6071
339 6498
340 3493
340 4249
340 4692
340 5081
340 5479
340 5982
340 6375
340 6715
341 3886
341 3976
341 4532
341 4973
341 5563
341 6043
341 6332
341 6912
342 3543
342 4103
342 4668
342 5041
342 5522
342 5693
342 6377
342 6676
343 3858
343 3939
343 4376
343 4834
343 5573
343 5886
343 6189
343 6630
344 3809
344 3933
344 4619
344 5142
344 5457
344 5743
344 6079
344 6855
345 3789
345 3930
345 4590
345 4799
345 5527
345 5679
345 6449
345 6902
346 3874
346 3953
346 4478
346 4922
346 5391
346 5962
346 6120
346 6794
347 3703
347 4177
347 4667
347 4935
347 5275
347 6019
347 6345
347 6818
348 3604
348 4179
348 4347
348 5032
348 5603
348 5725
348 6266
348 6864
349 3832
349 4108
349 4506
349 4757
349 5555
349 5987
349 6468
349 6784
350 3556
350 3929
350 4432
350 5091
350 5533
350 5908
350 6159
350 6586
351 3660
351 3974
351 4713
351 4886
351 5364
351 6033
351 6406
351 6850
352 3461
352 4279
352 4493
352 5176
352 5540
352 5780
352 6092
352 6799
353 3737
353 4068
353 4660
353 5036
353 5429
353 5727
353 6341
353 6648
354 3492
354 4232
354 4658
354 4880
354 5592
354 5687
354 6235
354 6681
355 3639
355 4168
355 4404
355 4819
355 5276
355 5825
355 6286
355 6505
356 3758
356 4191
356 4400
356 5161
356 5613
356 5938
356 6180
356 6770
357 3479
357 4318
357 4563
357 5107
357 5327
357 5682
357 6144
357 6701
358 3790
358 4295
358 4579
358 4775
358 5503
358 5617
358 6367
358 6482
359 3697
359 4084
359 4461
359 5060
359 5496
359 5803
359 6347
359 6779
360 3872
360 4123
360 4357
360 4879
360 5608
360 5942
360 6222
360 6853
361 3459
361 4109
361 4560
361 5090
361 5279
361 6009
361 6088
361 6530
362 3616
362 4276
362 4379
362 5003
362 5569
362 5877
362 6302
362 6716
363 3808
363 4277
363 4649
363 4764
363 5545
363 6045
363 6058
363 6762
364 3876
364 4169
364 4446
364 4878
364 5579
364 6023
364 6087
364 6521
365 3656
365 4269
365 4749
365 4918
365 5278
365 5875
365 6249
365 6684
366 3702
366 4192
366 4694
366 4960
366 5445
366 5672
366 6384
366 6637
367 3713
367 3964
367 4612
367 4948
367 5313
367 6015
367 6254
367 6876
368 3667
368 4063
368 4651
368 4945
368 5615
368 5668
368 6230
368 6562
369 3650
369 4253
369 4707
369 5131
369 5578
369 5736
369 6181
369 6602
370 3723
370 4230
370 4389
370 4796
370 5283
370 6037
370 6370
370 6908
371 3864
371 4138
371 4677
371 4963
371 5432
371 5692
371 6223
371 6678
372 3875
372 4056
372 4564
372 4987
372 5359
372 5702
372 6140
372 6526
373 3590
373 4086
373 4548
373 5143
373 5485
373 5899
373 6338
373 6841
374 3619
374 4297
374 4489
374 4821
374 5539
374 5988
374 6378
374 6777
375 3698
375 4122
375 4502
375 5087
375 5255
375 5971
375 6416
375 6510
376 3866
376 4087
376 4338
376 5171
376 5274
376 5704
376 6395
376 6517
377 3834
377 4026
377 4537
377 4872
377 5195
377 6024
377 6136
377 6579
378 3496
378 4003
378 4562
378 4791
378 5530
378 5822
378 6342
378 6625
379 3745
379 4045
379 4377
379 4902
379 5510
379 5965
379 6206
379 6581
380 3515
380 4048
380 4340
380 4923
380 5424
380 5626
380 6329
380 6663
381 3565
381 4059
381 4474
381 4951
381 5193
381 5756
381 6358
381 6541
382 3711
382 4303
382 4495
382 5145
382 5488
382 5951
382 6255
382 6569
383 3501
383 4247
383 4395
383 4856
383 5397
383 5984
383 6283
383 6892
384 3853
384 3962
384 4518
384 4756
384 5378
384 6010
384 6262
384 6696
385 3498
385 4039
385 4411
385 5000
385 5254
385 5889
385 6256
385 6726
386 3751
386 3960
386 4752
386 4859
386 5471
386 5728
386 6194
386 6775
387 3880
387 3902
387 4567
387 5016
387 5207
387 5932
387 6469
387 6614
388 3814
388 4213
388 4680
388 4766
388 5605
388 5654
388 6169
388 6829
389 3633
389 4091
389 4427
389 5013
389 5227
389 6040
389 6261
389 6745
390 3827
390 3969
390 4727
390 4905
390 5371
390 5754
390 6127
390 6893
391 3857
391 4057
391 4408
391 5055
391 5325
391 5944
391 6301
391 6651
392 3468
392 4061
392 4726
392 4862
392 5550
392 5766
392 6288
392 6520
393 3634
393 4038
393 4691
393 4934
393 5226
393 5864
393 6471
393 6882
394 3885
394 4262
394 4711
394 5184
394 5489
394 5777
394 6093
394 6889
395 3687
395 4172
395 4718
395 5137
395 5295
395 5678
395 6154
395 6816
396 3553
396 3957
396 4705
396 5139
396 5294
396 5927
396 6080
396 6772
397 3662
397 4047
397 4359
397 5066
397 5340
397 5928
397 6211
397 6887
398 3706
398 4273
398 4637
398 4990
398 5597
398 5828
398 6143
398 6508
399 3464
399 4000
399 4534
399 4941
399 5189
399 5664
399 6326
399 6561
400 3520
400 4016
400 4356
400 4995
400 5214
400 5849
400 6193
400 6896
401 3463
401 4197
401 4643
401 4919
401 5289
401 5748
401 6203
401 6704
402 3806
402 4302
402 4716
402 4768
402 5405
402 5920
402 6371
402 6489
403 3717
403 4049
403 4737
403 5182
403 5299
403 5663
403 6124
403 6688
404 3815
404 4035
404 4627
404 5155
404 5612
404 5940
404 6447
404 6824
405 3552
405 4127
405 4353
405 4773
405 5589
405 5744
405 6359
405 6834
406 3848
406 4267
406 4719
406 4771
406 5415
406 5916
406 6380
406 6743
407 3849
407 4313
407 4386
407 4985
407 5291
407 5773
407 6267
407 6528
408 3774
408 3984
408 4473
408 4927
408 5436
408 5923
408 6445
408 6884
409 3579
409 4139
409 4322
409 4851
409 5518
409 5742
409 6464
409 6828
410 3878
410 4013
410 4622
410 4932
410 5284
410 5648
410 6311
410 6871
411 3722
411 4315
411 4720
411 4947
411 5418
411 5844
411 6264
411 6686
412 3632
412 4105
412 4551
412 4939
412 5237
412 5801
412 6297
412 6852
413 3868
413 4180
413 4550
413 4956
413 5290
413 5667
413 6251
413 6707
414 3826
414 3998
414 4751
414 4883
414 5361
414 5947
414 6113
414 6618
415 3570
415 4320
415 4708
415 5157
415 5512
415 5848
415 6190
415 6767
416 3580
416 4243
416 4384
416 5102
416 5272
416 5857
416 6476
416 6590
417 3536
417 3918
417 4496
417 4758
417 5535
417 5918
417 6055
417 6899
418 3524
418 4093
418 4568
418 4953
418 5516
418 6041
418 6479
418 6878
419 3597
419 4088
419 4480
419 5035
419 5470
419 5903
419 6095
419 6759
420 3759
420 4201
420 4700
420 5149
420 5320
420 5812
420 6460
420 6532
421 3661
421 4010
421 4492
421 5179
421 5469
421 5959
421 6458
421 6706
422 3626
422 4060
422 4407
422 4831
422 5213
422 5964
422 6353
422 6487
423 3558
423 4250
423 4664
423 4978
423 5330
423 5859
423 6117
423 6747
424 3630
424 4206
424 4425
424 5160
424 5511
424 5793
424 6224
424 6906
425 3547
425 4053
425 4645
425 4896
425 5607
425 5634
425 6263
425 6654
426 3840
426 3895
426 4533
426 5174
426 5219
426 5791
426 6191
426 6813
427 3684
427 4120
427 4640
427 4965
427 5420
427 5755
427 6231
427 6854
428 3816
428 4080
428 4613
428 4971
428 5231
428 5922
428 6454
428 6725
429 3582
429 4204
429 4366
429 4802
429 5599
429 5970
429 6419
429 6798
430 3719
430 4012
430 4325
430 4767
430 5417
430 5835
430 6240
430 6662
431 3824
431 4261
431 4494
431 5183
431 5435
431 5869
431 6114
431 6844
432 3778
432 4310
432 4405
432 4976
432 5309
432 5659
432 6156
432 6786
