1 2 
168 576 
24 7 
1 111
1 223
1 407
1 593
1 822
1 887
1 1147
1 1198
1 1412
1 1575
1 1694
1 2001
1 2078
1 2209
1 2401
1 2674
1 2745
1 2876
1 3070
1 3219
1 3400
1 3535
1 3709
1 4021
2 43
2 257
2 428
2 553
2 801
2 919
2 1017
2 1306
2 1359
2 1658
2 1833
2 1959
2 2039
2 2345
2 2394
2 2545
2 2807
2 2892
2 3126
2 3203
2 3445
2 3530
2 3843
2 3938
3 152
3 214
3 360
3 570
3 735
3 933
3 1060
3 1270
3 1408
3 1589
3 1768
3 2009
3 2065
3 2233
3 2402
3 2626
3 2768
3 2901
3 3102
3 3239
3 3365
3 3629
3 3730
3 3965
4 21
4 188
4 424
4 653
4 800
4 921
4 1095
4 1294
4 1346
4 1568
4 1691
4 1928
4 2022
4 2204
4 2436
4 2573
4 2852
4 2948
4 3090
4 3277
4 3438
4 3659
4 3751
4 3873
5 104
5 269
5 386
5 559
5 762
5 994
5 1069
5 1313
5 1487
5 1555
5 1836
5 1908
5 2081
5 2278
5 2510
5 2637
5 2784
5 2964
5 3186
5 3260
5 3520
5 3634
5 3782
5 4031
6 103
6 312
6 403
6 557
6 821
6 898
6 1067
6 1282
6 1369
6 1561
6 1827
6 1917
6 2179
6 2240
6 2460
6 2630
6 2842
6 2900
6 3085
6 3273
6 3435
6 3620
6 3787
6 3880
7 80
7 231
7 425
7 548
7 745
7 936
7 1111
7 1199
7 1458
7 1539
7 1813
7 1863
7 2143
7 2340
7 2376
7 2524
7 2817
7 3007
7 3143
7 3211
7 3493
7 3688
7 3807
7 4004
8 8
8 193
8 422
8 588
8 682
8 920
8 1172
8 1246
8 1411
8 1627
8 1815
8 1886
8 2121
8 2324
8 2435
8 2549
8 2708
8 2934
8 3147
8 3285
8 3477
8 3679
8 3805
8 3919
9 11
9 332
9 369
9 595
9 697
9 950
9 1136
9 1254
9 1360
9 1583
9 1719
9 1860
9 2080
9 2318
9 2433
9 2565
9 2830
9 2976
9 3148
9 3272
9 3424
9 3625
9 3699
9 4010
10 60
10 329
10 497
10 668
10 782
10 864
10 1169
10 1187
10 1480
10 1594
10 1742
10 1974
10 2049
10 2244
10 2361
10 2650
10 2718
10 2988
10 3082
10 3204
10 3399
10 3665
10 3801
10 3869
11 99
11 262
11 448
11 660
11 787
11 968
11 1068
11 1285
11 1472
11 1667
11 1750
11 1900
11 2093
11 2331
11 2425
11 2662
11 2720
11 3009
11 3077
11 3247
11 3384
11 3594
11 3719
11 3972
12 13
12 219
12 436
12 628
12 786
12 906
12 1166
12 1212
12 1445
12 1671
12 1681
12 1897
12 2158
12 2333
12 2490
12 2631
12 2801
12 2982
12 3116
12 3286
12 3437
12 3569
12 3733
12 3908
13 115
13 227
13 391
13 571
13 688
13 847
13 1016
13 1344
13 1434
13 1569
13 1785
13 1884
13 2097
13 2214
13 2470
13 2659
13 2753
13 3002
13 3092
13 3279
13 3378
13 3647
13 3823
13 3915
14 84
14 246
14 496
14 535
14 783
14 866
14 1050
14 1290
14 1473
14 1637
14 1801
14 1989
14 2114
14 2308
14 2500
14 2647
14 2832
14 2864
14 3168
14 3264
14 3398
14 3590
14 3863
14 3887
15 12
15 270
15 468
15 619
15 788
15 954
15 1113
15 1300
15 1352
15 1513
15 1755
15 1867
15 2124
15 2313
15 2370
15 2592
15 2760
15 2906
15 3150
15 3293
15 3491
15 3677
15 3834
15 3916
16 124
16 333
16 372
16 616
16 749
16 995
16 1165
16 1324
16 1388
16 1584
16 1730
16 1967
16 2075
16 2210
16 2513
16 2611
16 2836
16 2935
16 3033
16 3248
16 3461
16 3695
16 3828
16 4019
17 150
17 224
17 400
17 645
17 690
17 956
17 1132
17 1200
17 1439
17 1526
17 1810
17 1865
17 2162
17 2277
17 2441
17 2560
17 2713
17 3015
17 3173
17 3195
17 3506
17 3548
17 3826
17 4013
18 154
18 248
18 413
18 637
18 739
18 938
18 1175
18 1255
18 1423
18 1680
18 1710
18 1890
18 2148
18 2319
18 2497
18 2629
18 2846
18 2963
18 3127
18 3323
18 3463
18 3586
18 3747
18 3981
19 40
19 253
19 501
19 563
19 704
19 893
19 1118
19 1249
19 1409
19 1639
19 1690
19 1924
19 2155
19 2311
19 2520
19 2636
19 2709
19 2997
19 3131
19 3232
19 3447
19 3663
19 3701
19 3874
20 135
20 331
20 406
20 649
20 789
20 973
20 1076
20 1252
20 1355
20 1551
20 1758
20 1895
20 2154
20 2327
20 2438
20 2601
20 2792
20 2885
20 3160
20 3360
20 3478
20 3602
20 3851
20 3948
21 15
21 175
21 474
21 505
21 766
21 861
21 1018
21 1193
21 1497
21 1571
21 1776
21 1983
21 2113
21 2216
21 2519
21 2670
21 2788
21 2932
21 3061
21 3306
21 3397
21 3687
21 3738
21 3986
22 132
22 206
22 349
22 509
22 792
22 979
22 1048
22 1331
22 1399
22 1644
22 1822
22 1932
22 2140
22 2243
22 2480
22 2678
22 2804
22 2960
22 3117
22 3206
22 3509
22 3639
22 3716
22 3889
23 162
23 192
23 450
23 514
23 810
23 928
23 1103
23 1332
23 1435
23 1657
23 1686
23 1903
23 2026
23 2247
23 2506
23 2677
23 2750
23 3010
23 3039
23 3214
23 3408
23 3638
23 3854
23 3993
24 51
24 171
24 490
24 545
24 790
24 875
24 1088
24 1341
24 1391
24 1633
24 1728
24 1947
24 2102
24 2342
24 2372
24 2602
24 2730
24 2857
24 3162
24 3314
24 3416
24 3544
24 3763
24 3955
25 71
25 236
25 461
25 617
25 831
25 872
25 1024
25 1244
25 1405
25 1520
25 1729
25 2004
25 2020
25 2191
25 2476
25 2555
25 2732
25 2872
25 3097
25 3316
25 3386
25 3678
25 3724
25 4028
26 123
26 295
26 358
26 599
26 767
26 931
26 1087
26 1325
26 1432
26 1601
26 1741
26 2002
26 2127
26 2221
26 2498
26 2595
26 2783
26 2896
26 3111
26 3226
26 3496
26 3616
26 3743
26 3945
27 126
27 250
27 381
27 663
27 803
27 890
27 1123
27 1302
27 1417
27 1617
27 1837
27 1918
27 2120
27 2309
27 2356
27 2666
27 2824
27 3000
27 3095
27 3252
27 3413
27 3632
27 3849
27 3956
28 116
28 190
28 430
28 576
28 768
28 960
28 1056
28 1276
28 1345
28 1580
28 1744
28 1906
28 2172
28 2227
28 2406
28 2667
28 2735
28 2868
28 3073
28 3349
28 3524
28 3591
28 3844
28 3910
29 90
29 281
29 409
29 596
29 692
29 972
29 1122
29 1216
29 1488
29 1673
29 1847
29 1941
29 2091
29 2185
29 2482
29 2648
29 2812
29 2907
29 3184
29 3334
29 3468
29 3605
29 3855
29 3898
30 134
30 245
30 491
30 636
30 715
30 990
30 1114
30 1185
30 1347
30 1666
30 1779
30 1923
30 2157
30 2293
30 2386
30 2651
30 2798
30 2987
30 3159
30 3324
30 3361
30 3693
30 3862
30 3872
31 140
31 284
31 404
31 526
31 721
31 996
31 1112
31 1257
31 1427
31 1665
31 1774
31 1962
31 2066
31 2226
31 2491
31 2675
31 2729
31 2870
31 3096
31 3261
31 3421
31 3613
31 3723
31 4027
32 121
32 323
32 441
32 578
32 731
32 888
32 1070
32 1225
32 1452
32 1538
32 1808
32 1899
32 2041
32 2215
32 2469
32 2540
32 2743
32 2904
32 3075
32 3236
32 3410
32 3667
32 3845
32 4002
33 81
33 179
33 494
33 621
33 693
33 848
33 1145
33 1280
33 1428
33 1585
33 1696
33 1951
33 2054
33 2218
33 2354
33 2653
33 2837
33 2929
33 3177
33 3210
33 3454
33 3604
33 3707
33 3924
34 94
34 211
34 485
34 667
34 781
34 939
34 1153
34 1293
34 1364
34 1607
34 1814
34 1992
34 2090
34 2236
34 2421
34 2550
34 2838
34 2984
34 3169
34 3242
34 3518
34 3684
34 3835
34 3925
35 146
35 321
35 414
35 603
35 754
35 889
35 1062
35 1336
35 1396
35 1521
35 1775
35 1987
35 2024
35 2234
35 2456
35 2566
35 2811
35 2875
35 3060
35 3283
35 3497
35 3650
35 3750
35 3909
36 35
36 247
36 498
36 632
36 750
36 868
36 1150
36 1275
36 1478
36 1638
36 1838
36 1952
36 2017
36 2273
36 2420
36 2594
36 2795
36 2873
36 3183
36 3267
36 3425
36 3546
36 3714
36 3868
37 7
37 260
37 378
37 580
37 737
37 1006
37 1096
37 1287
37 1512
37 1525
37 1825
37 1991
37 2094
37 2260
37 2374
37 2580
37 2844
37 2972
37 3059
37 3274
37 3519
37 3556
37 3798
37 3982
38 32
38 205
38 462
38 606
38 804
38 959
38 1100
38 1190
38 1510
38 1596
38 1736
38 1896
38 2085
38 2279
38 2467
38 2542
38 2692
38 3014
38 3125
38 3358
38 3476
38 3592
38 3842
38 3970
39 86
39 306
39 440
39 560
39 713
39 892
39 1126
39 1209
39 1425
39 1597
39 1753
39 1960
39 2108
39 2231
39 2395
39 2547
39 2734
39 2938
39 3171
39 3212
39 3523
39 3559
39 3720
39 3952
40 139
40 233
40 492
40 527
40 722
40 967
40 1157
40 1186
40 1374
40 1651
40 1754
40 1943
40 2151
40 2198
40 2474
40 2556
40 2803
40 2975
40 3086
40 3237
40 3453
40 3566
40 3785
40 3901
41 143
41 210
41 361
41 631
41 732
41 1000
41 1148
41 1288
41 1371
41 1610
41 1830
41 1977
41 2086
41 2299
41 2486
41 2546
41 2773
41 2926
41 3084
41 3198
41 3403
41 3537
41 3715
41 3999
42 159
42 278
42 418
42 611
42 776
42 846
42 1173
42 1207
42 1390
42 1559
42 1705
42 1961
42 2128
42 2272
42 2518
42 2521
42 2789
42 3022
42 3105
42 3209
42 3439
42 3652
42 3711
42 3928
43 149
43 319
43 367
43 623
43 770
43 1002
43 1075
43 1305
43 1429
43 1611
43 1692
43 1850
43 2163
43 2232
43 2451
43 2676
43 2840
43 2992
43 3153
43 3353
43 3448
43 3574
43 3744
43 3912
44 16
44 212
44 465
44 644
44 699
44 963
44 1140
44 1259
44 1455
44 1612
44 1806
44 1981
44 2147
44 2257
44 2379
44 2599
44 2814
44 2915
44 3101
44 3304
44 3422
44 3636
44 3861
44 3984
45 91
45 226
45 350
45 554
45 796
45 899
45 1028
45 1214
45 1370
45 1604
45 1721
45 1905
45 2096
45 2186
45 2364
45 2618
45 2845
45 2998
45 3034
45 3243
45 3460
45 3543
45 3732
45 3932
46 151
46 301
46 395
46 544
46 835
46 917
46 1099
46 1323
46 1413
46 1632
46 1832
46 1958
46 2180
46 2248
46 2453
46 2552
46 2747
46 2913
46 3161
46 3254
46 3369
46 3571
46 3736
46 4020
47 110
47 307
47 433
47 530
47 716
47 843
47 1170
47 1307
47 1505
47 1556
47 1841
47 1996
47 2098
47 2316
47 2418
47 2571
47 2765
47 2895
47 3166
47 3238
47 3434
47 3533
47 3745
47 3989
48 68
48 268
48 426
48 657
48 827
48 905
48 1013
48 1196
48 1470
48 1636
48 1792
48 1911
48 2176
48 2188
48 2385
48 2688
48 2725
48 2981
48 3106
48 3291
48 3525
48 3642
48 3788
48 3866
49 122
49 238
49 429
49 556
49 744
49 853
49 1023
49 1335
49 1433
49 1522
49 1769
49 1972
49 2044
49 2305
49 2507
49 2671
49 2766
49 2910
49 3170
49 3262
49 3395
49 3653
49 3713
49 3930
50 10
50 235
50 345
50 508
50 823
50 951
50 1131
50 1195
50 1441
50 1650
50 1727
50 1995
50 2059
50 2344
50 2389
50 2534
50 2754
50 2996
50 3079
50 3241
50 3381
50 3587
50 3818
50 3920
51 57
51 174
51 476
51 627
51 830
51 881
51 1085
51 1291
51 1393
51 1562
51 1811
51 1944
51 2103
51 2294
51 2366
51 2576
51 2785
51 2954
51 3113
51 3228
51 3389
51 3654
51 3698
51 4030
52 50
52 292
52 357
52 585
52 687
52 986
52 1063
52 1194
52 1351
52 1557
52 1796
52 1858
52 2030
52 2302
52 2455
52 2684
52 2822
52 2933
52 3107
52 3356
52 3401
52 3606
52 3776
52 3900
53 97
53 237
53 359
53 630
53 702
53 944
53 1078
53 1183
53 1484
53 1679
53 1778
53 1969
53 2152
53 2339
53 2388
53 2664
53 2831
53 2980
53 3136
53 3231
53 3375
53 3633
53 3739
53 3891
54 31
54 299
54 443
54 583
54 733
54 941
54 1046
54 1326
54 1456
54 1576
54 1823
54 1916
54 2074
54 2290
54 2423
54 2539
54 2700
54 2889
54 3157
54 3271
54 3407
54 3609
54 3758
54 3963
55 156
55 225
55 475
55 512
55 798
55 989
55 1104
55 1316
55 1386
55 1645
55 1700
55 1894
55 2106
55 2224
55 2459
55 2554
55 2695
55 2978
55 3115
55 3344
55 3440
55 3621
55 3768
55 3940
56 141
56 254
56 423
56 602
56 673
56 891
56 1081
56 1201
56 1459
56 1595
56 1747
56 2010
56 2077
56 2275
56 2391
56 2673
56 2736
56 3019
56 3080
56 3268
56 3388
56 3649
56 3756
56 3933
57 160
57 258
57 437
57 664
57 723
57 871
57 1167
57 1292
57 1465
57 1672
57 1683
57 1870
57 2171
57 2274
57 2353
57 2643
57 2706
57 2898
57 3076
57 3282
57 3382
57 3558
57 3856
57 3927
58 48
58 196
58 385
58 524
58 825
58 894
58 1108
58 1215
58 1481
58 1516
58 1762
58 1976
58 2129
58 2192
58 2398
58 2598
58 2780
58 2967
58 3119
58 3233
58 3515
58 3691
58 3748
58 3935
59 118
59 178
59 449
59 517
59 680
59 934
59 1163
59 1231
59 1491
59 1587
59 1739
59 1925
59 2178
59 2321
59 2437
59 2583
59 2805
59 2931
59 3187
59 3270
59 3429
59 3599
59 3819
59 3996
60 127
60 203
60 463
60 547
60 719
60 930
60 1091
60 1235
60 1460
60 1547
60 1702
60 1978
60 2023
60 2332
60 2409
60 2575
60 2752
60 2861
60 3104
60 3223
60 3393
60 3680
60 3731
60 3918
61 163
61 264
61 339
61 531
61 730
61 946
61 1097
61 1226
61 1394
61 1579
61 1685
61 1997
61 2019
61 2314
61 2375
61 2528
61 2764
61 2974
61 3091
61 3275
61 3498
61 3683
61 3800
61 3975
62 42
62 291
62 487
62 533
62 824
62 857
62 1093
62 1251
62 1468
62 1536
62 1693
62 2015
62 2083
62 2197
62 2416
62 2652
62 2771
62 2957
62 3029
62 3220
62 3474
62 3607
62 3816
62 3878
63 79
63 318
63 464
63 525
63 681
63 913
63 1029
63 1329
63 1419
63 1588
63 1725
63 1948
63 2169
63 2199
63 2477
63 2591
63 2815
63 2947
63 3130
63 3227
63 3494
63 3532
63 3848
63 3971
64 113
64 309
64 342
64 598
64 837
64 966
64 1026
64 1340
64 1442
64 1563
64 1708
64 1855
64 2104
64 2219
64 2365
64 2588
64 2701
64 2970
64 3098
64 3298
64 3377
64 3612
64 3783
64 4026
65 14
65 195
65 353
65 529
65 779
65 904
65 1014
65 1248
65 1450
65 1560
65 1751
65 1862
65 2069
65 2284
65 2362
65 2525
65 2856
65 2894
65 3141
65 3230
65 3503
65 3588
65 3755
65 3944
66 73
66 249
66 371
66 671
66 756
66 1005
66 1138
66 1184
66 1415
66 1590
66 1748
66 1927
66 2052
66 2351
66 2503
66 2533
66 2741
66 2946
66 3135
66 3340
66 3457
66 3570
66 3746
66 3890
67 39
67 334
67 457
67 652
67 701
67 949
67 1144
67 1256
67 1461
67 1540
67 1805
67 1871
67 2084
67 2261
67 2432
67 2596
67 2787
67 2951
67 3068
67 3338
67 3385
67 3589
67 3762
67 3871
68 114
68 277
68 396
68 572
68 763
68 874
68 1125
68 1218
68 1436
68 1630
68 1743
68 1902
68 2122
68 2217
68 2478
68 2606
68 2808
68 2908
68 3188
68 3244
68 3383
68 3658
68 3703
68 3934
69 18
69 303
69 388
69 639
69 685
69 980
69 1176
69 1227
69 1421
69 1659
69 1802
69 1853
69 2183
69 2288
69 2484
69 2562
69 2855
69 3008
69 3067
69 3312
69 3464
69 3672
69 3777
69 3914
70 70
70 191
70 447
70 564
70 838
70 900
70 1171
70 1277
70 1451
70 1591
70 1843
70 1907
70 2067
70 2285
70 2509
70 2535
70 2748
70 2985
70 3057
70 3213
70 3363
70 3539
70 3793
70 3923
71 59
71 322
71 427
71 518
71 705
71 895
71 1156
71 1261
71 1500
71 1677
71 1733
71 1878
71 2116
71 2317
71 2504
71 2627
71 2723
71 2897
71 3142
71 3355
71 3450
71 3635
71 3726
71 3998
72 155
72 336
72 401
72 513
72 729
72 914
72 1042
72 1229
72 1414
72 1675
72 1718
72 1984
72 2089
72 2245
72 2505
72 2567
72 2794
72 2862
72 3172
72 3290
72 3423
72 3549
72 3740
72 4001
73 85
73 221
73 419
73 516
73 753
73 916
73 1049
73 1333
73 1507
73 1544
73 1835
73 1852
73 2165
73 2249
73 2461
73 2593
73 2797
73 2911
73 3053
73 3218
73 3469
73 3562
73 3864
73 3959
74 147
74 234
74 366
74 609
74 674
74 884
74 1011
74 1297
74 1380
74 1535
74 1826
74 1929
74 2110
74 2283
74 2471
74 2645
74 2711
74 2944
74 3081
74 3322
74 3527
74 3555
74 3847
74 4016
75 92
75 230
75 445
75 561
75 832
75 896
75 1121
75 1267
75 1424
75 1570
75 1772
75 1964
75 2137
75 2225
75 2384
75 2663
75 2848
75 2991
75 3149
75 3265
75 3446
75 3560
75 3725
75 4029
76 19
76 183
76 394
76 597
76 741
76 947
76 1038
76 1204
76 1418
76 1514
76 1761
76 2016
76 2061
76 2326
76 2458
76 2607
76 2742
76 2993
76 3179
76 3325
76 3458
76 3645
76 3822
76 4032
77 20
77 294
77 489
77 658
77 771
77 867
77 1047
77 1206
77 1489
77 1603
77 1845
77 1849
77 2092
77 2300
77 2417
77 2682
77 2849
77 3024
77 3041
77 3342
77 3366
77 3568
77 3721
77 4025
78 112
78 287
78 452
78 670
78 706
78 915
78 1030
78 1208
78 1416
78 1586
78 1720
78 1851
78 2064
78 2253
78 2419
78 2665
78 2775
78 2936
78 3176
78 3280
78 3480
78 3552
78 3775
78 3867
79 83
79 315
79 481
79 569
79 794
79 945
79 1009
79 1312
79 1383
79 1564
79 1803
79 1904
79 2139
79 2228
79 2502
79 2529
79 2715
79 3003
79 3078
79 3326
79 3479
79 3561
79 3813
79 3896
80 29
80 316
80 435
80 520
80 748
80 1004
80 1022
80 1337
80 1368
80 1608
80 1697
80 1956
80 2160
80 2264
80 2494
80 2641
80 2721
80 2989
80 3114
80 3318
80 3459
80 3670
80 3712
80 3969
81 25
81 208
81 375
81 666
81 725
81 983
81 1012
81 1180
81 1362
81 1678
81 1687
81 1999
81 2099
81 2280
81 2411
81 2536
81 2699
81 3004
81 3074
81 3240
81 3394
81 3551
81 3780
81 3983
82 9
82 239
82 454
82 613
82 698
82 844
82 1158
82 1241
82 1504
82 1545
82 1763
82 1866
82 2038
82 2297
82 2380
82 2632
82 2755
82 2916
82 3167
82 3201
82 3486
82 3685
82 3761
82 4022
83 166
83 280
83 477
83 651
83 736
83 877
83 1059
83 1303
83 1506
83 1566
83 1783
83 1883
83 2058
83 2352
83 2439
83 2557
83 2800
83 2942
83 3099
83 3357
83 3482
83 3651
83 3754
83 3997
84 52
84 317
84 417
84 528
84 811
84 878
84 1162
84 1265
84 1401
84 1643
84 1809
84 1936
84 2184
84 2287
84 2403
84 2532
84 2691
84 2890
84 3054
84 3320
84 3392
84 3689
84 3852
84 3976
85 65
85 293
85 377
85 575
85 809
85 987
85 1107
85 1232
85 1499
85 1653
85 1703
85 1859
85 2018
85 2187
85 2387
85 2625
85 2799
85 2953
85 3180
85 3296
85 3372
85 3656
85 3850
85 3988
86 34
86 216
86 499
86 577
86 799
86 859
86 1074
86 1281
86 1366
86 1647
86 1723
86 1864
86 2173
86 2242
86 2415
86 2574
86 2716
86 2928
86 3178
86 3331
86 3391
86 3557
86 3799
86 3902
87 144
87 310
87 473
87 573
87 765
87 909
87 1072
87 1191
87 1361
87 1523
87 1788
87 1869
87 2070
87 2329
87 2457
87 2655
87 2689
87 2871
87 3051
87 3328
87 3504
87 3567
87 3786
87 3958
88 24
88 229
88 421
88 610
88 818
88 943
88 1152
88 1342
88 1407
88 1600
88 1760
88 1950
88 2164
88 2189
88 2488
88 2681
88 2850
88 2952
88 3100
88 3207
88 3455
88 3671
88 3741
88 3946
89 75
89 244
89 488
89 546
89 679
89 845
89 1041
89 1263
89 1453
89 1528
89 1828
89 1898
89 2138
89 2268
89 2392
89 2621
89 2761
89 2917
89 3037
89 3319
89 3483
89 3554
89 3817
89 3968
90 69
90 177
90 456
90 629
90 814
90 901
90 1146
90 1182
90 1356
90 1652
90 1732
90 1994
90 2149
90 2258
90 2475
90 2635
90 2818
90 2923
90 3065
90 3309
90 3484
90 3553
90 3778
90 4011
91 109
91 198
91 434
91 562
91 707
91 970
91 1149
91 1318
91 1503
91 1567
91 1731
91 1876
91 2126
91 2289
91 2414
91 2644
91 2839
91 2941
91 3031
91 3321
91 3418
91 3585
91 3710
91 3995
92 27
92 276
92 348
92 614
92 718
92 886
92 1137
92 1320
92 1477
92 1661
92 1800
92 1910
92 2051
92 2205
92 2367
92 2582
92 2770
92 3018
92 3089
92 3307
92 3514
92 3657
92 3781
92 3894
93 54
93 197
93 398
93 612
93 717
93 929
93 1109
93 1260
93 1498
93 1578
93 1798
93 2012
93 2100
93 2320
93 2355
93 2634
93 2712
93 2965
93 3110
93 3302
93 3380
93 3547
93 3705
93 3905
94 67
94 272
94 439
94 581
94 815
94 856
94 1079
94 1220
94 1430
94 1558
94 1819
94 1873
94 2101
94 2254
94 2429
94 2541
94 2793
94 2945
94 3088
94 3311
94 3507
94 3593
94 3824
94 3947
95 33
95 314
95 444
95 543
95 833
95 855
95 1154
95 1177
95 1511
95 1648
95 1745
95 1921
95 2175
95 2193
95 2483
95 2616
95 2759
95 2956
95 3138
95 3258
95 3516
95 3545
95 3846
95 3913
96 6
96 222
96 351
96 618
96 691
96 1003
96 1128
96 1319
96 1398
96 1676
96 1704
96 1885
96 2182
96 2341
96 2407
96 2578
96 2763
96 3013
96 3137
96 3351
96 3481
96 3696
96 3815
96 3897
97 102
97 209
97 410
97 635
97 734
97 850
97 1120
97 1278
97 1357
97 1655
97 1767
97 1914
97 2105
97 2250
97 2378
97 2605
97 2796
97 2865
97 3071
97 3217
97 3473
97 3582
97 3771
97 3954
98 47
98 275
98 389
98 549
98 675
98 981
98 1043
98 1338
98 1483
98 1622
98 1709
98 1954
98 2145
98 2266
98 2473
98 2686
98 2782
98 2940
98 3128
98 3221
98 3444
98 3529
98 3841
98 3979
99 125
99 305
99 479
99 592
99 812
99 851
99 1032
99 1239
99 1447
99 1550
99 1738
99 1893
99 2142
99 2200
99 2496
99 2657
99 2746
99 2891
99 3043
99 3276
99 3411
99 3617
99 3832
99 3962
100 153
100 181
100 416
100 662
100 724
100 903
100 1021
100 1192
100 1486
100 1581
100 1821
100 1970
100 2071
100 2203
100 2472
100 2660
100 2802
100 2930
100 3047
100 3199
100 3521
100 3669
100 3789
100 4017
101 98
101 282
101 390
101 538
101 820
101 993
101 1105
101 1181
101 1469
101 1616
101 1831
101 1975
101 2167
101 2256
101 2382
101 2600
101 2757
101 2920
101 3109
101 3257
101 3379
101 3541
101 3795
101 3870
102 77
102 173
102 458
102 507
102 726
102 937
102 1129
102 1228
102 1495
102 1542
102 1715
102 1926
102 2132
102 2237
102 2413
102 2522
102 2714
102 2925
102 3038
102 3308
102 3500
102 3644
102 3784
102 3931
103 5
103 304
103 337
103 594
103 780
103 854
103 1161
103 1328
103 1389
103 1634
103 1737
103 1966
103 2033
103 2348
103 2448
103 2530
103 2693
103 3006
103 3063
103 3310
103 3420
103 3595
103 3790
103 3966
104 165
104 324
104 364
104 579
104 807
104 988
104 1098
104 1266
104 1443
104 1615
104 1840
104 2011
104 2133
104 2202
104 2501
104 2628
104 2696
104 2995
104 3062
104 3266
104 3511
104 3598
104 3797
104 3885
105 161
105 300
105 478
105 620
105 738
105 862
105 1102
105 1233
105 1363
105 1609
105 1807
105 1945
105 2118
105 2239
105 2358
105 2620
105 2744
105 2869
105 3124
105 3200
105 3452
105 3575
105 3792
105 3911
106 74
106 199
106 387
106 586
106 772
106 985
106 1160
106 1230
106 1403
106 1623
106 1713
106 1861
106 2076
106 2195
106 2452
106 2613
106 2810
106 2877
106 3154
106 3289
106 3510
106 3583
106 3809
106 4006
107 1
107 313
107 397
107 655
107 778
107 984
107 1051
107 1258
107 1353
107 1519
107 1782
107 2006
107 2115
107 2350
107 2485
107 2590
107 2762
107 2971
107 3145
107 3263
107 3512
107 3577
107 3749
107 3987
108 41
108 265
108 370
108 640
108 808
108 982
108 1115
108 1268
108 1404
108 1635
108 1735
108 1868
108 2166
108 2322
108 2515
108 2638
108 2738
108 2887
108 3048
108 3299
108 3472
108 3641
108 3860
108 3904
109 2
109 283
109 343
109 626
109 677
109 882
109 1089
109 1314
109 1446
109 1582
109 1834
109 1939
109 2153
109 2270
109 2390
109 2639
109 2841
109 2919
109 3027
109 3292
109 3490
109 3573
109 3811
109 4007
110 82
110 189
110 373
110 634
110 775
110 1007
110 1159
110 1224
110 1502
110 1599
110 1842
110 1993
110 2112
110 2337
110 2431
110 2584
110 2847
110 3011
110 3072
110 3224
110 3406
110 3668
110 3779
110 3876
111 100
111 184
111 411
111 648
111 757
111 955
111 1061
111 1330
111 1377
111 1642
111 1701
111 1935
111 2063
111 2223
111 2440
111 2538
111 2777
111 2966
111 3045
111 3281
111 3405
111 3631
111 3838
111 3926
112 128
112 296
112 467
112 604
112 758
112 911
112 1066
112 1178
112 1449
112 1593
112 1698
112 1891
112 2087
112 2229
112 2363
112 2558
112 2694
112 2969
112 3050
112 3246
112 3443
112 3622
112 3829
112 3893
113 117
113 266
113 415
113 552
113 683
113 964
113 1034
113 1221
113 1476
113 1628
113 1804
113 1946
113 2037
113 2298
113 2357
113 2622
113 2751
113 2903
113 3032
113 3255
113 3517
113 3675
113 3759
113 3973
114 106
114 328
114 382
114 550
114 769
114 940
114 1155
114 1222
114 1467
114 1549
114 1724
114 1982
114 2181
114 2296
114 2492
114 2672
114 2851
114 2990
114 3174
114 3313
114 3528
114 3624
114 3774
114 3980
115 53
115 251
115 469
115 558
115 710
115 849
115 1134
115 1298
115 1382
115 1646
115 1689
115 1857
115 2095
115 2259
115 2377
115 2683
115 2702
115 2878
115 3156
115 3215
115 3432
115 3618
115 3814
115 3888
116 130
116 207
116 374
116 622
116 728
116 918
116 1052
116 1242
116 1494
116 1631
116 1781
116 1887
116 2029
116 2265
116 2442
116 2553
116 2827
116 2863
116 3144
116 3297
116 3364
116 3563
116 3796
116 3941
117 64
117 182
117 355
117 584
117 694
117 942
117 1143
117 1308
117 1457
117 1606
117 1722
117 1913
117 2150
117 2196
117 2400
117 2654
117 2820
117 2999
117 3069
117 3278
117 3522
117 3540
117 3702
117 3883
118 142
118 261
118 344
118 587
118 684
118 869
118 1071
118 1236
118 1395
118 1527
118 1799
118 1973
118 2048
118 2222
118 2489
118 2548
118 2779
118 2955
118 3122
118 3332
118 3505
118 3580
118 3806
118 3992
119 108
119 289
119 495
119 519
119 759
119 997
119 1054
119 1339
119 1426
119 1553
119 1795
119 1998
119 2028
119 2281
119 2430
119 2623
119 2823
119 2950
119 3182
119 3250
119 3387
119 3627
119 3833
119 3991
120 76
120 297
120 384
120 669
120 708
120 935
120 1116
120 1299
120 1381
120 1541
120 1734
120 1888
120 2040
120 2343
120 2493
120 2579
120 2843
120 3016
120 3055
120 3301
120 3495
120 3542
120 3858
120 3921
121 66
121 271
121 480
121 523
121 755
121 912
121 1039
121 1304
121 1372
121 1640
121 1756
121 1949
121 2036
121 2347
121 2445
121 2561
121 2769
121 2882
121 3189
121 3300
121 3368
121 3603
121 3728
121 3881
122 101
122 200
122 379
122 565
122 817
122 999
122 1053
122 1272
122 1462
122 1605
122 1824
122 1979
122 2079
122 2301
122 2495
122 2551
122 2719
122 3021
122 3052
122 3197
122 3471
122 3692
122 3794
122 4008
123 119
123 288
123 471
123 534
123 714
123 957
123 1073
123 1234
123 1496
123 1625
123 1706
123 1937
123 2144
123 2190
123 2463
123 2586
123 2726
123 2922
123 3064
123 3253
123 3362
123 3666
123 3708
123 3939
124 148
124 218
124 486
124 537
124 797
124 976
124 1031
124 1322
124 1485
124 1546
124 1726
124 1874
124 2050
124 2241
124 2512
124 2568
124 2774
124 2859
124 3164
124 3354
124 3431
124 3578
124 3718
124 3953
125 138
125 255
125 483
125 567
125 676
125 965
125 1044
125 1243
125 1385
125 1662
125 1771
125 1875
125 2034
125 2304
125 2464
125 2523
125 2816
125 3012
125 3163
125 3269
125 3501
125 3626
125 3839
125 3977
126 37
126 308
126 420
126 536
126 795
126 910
126 1090
126 1189
126 1492
126 1517
126 1759
126 1965
126 2021
126 2194
126 2369
126 2563
126 2809
126 2866
126 3146
126 3295
126 3475
126 3655
126 3772
126 4024
127 38
127 286
127 392
127 607
127 826
127 860
127 1077
127 1274
127 1378
127 1533
127 1791
127 1934
127 2088
127 2211
127 2516
127 2570
127 2829
127 2860
127 3158
127 3348
127 3513
127 3534
127 3827
127 3882
128 17
128 242
128 470
128 511
128 816
128 962
128 1139
128 1203
128 1463
128 1565
128 1740
128 1953
128 2125
128 2235
128 2447
128 2585
128 2778
128 3005
128 3030
128 3327
128 3436
128 3531
128 3769
128 3875
129 4
129 290
129 340
129 601
129 703
129 1001
129 1119
129 1210
129 1406
129 1552
129 1794
129 1892
129 2159
129 2262
129 2371
129 2559
129 2698
129 2986
129 3040
129 3202
129 3488
129 3676
129 3840
129 3961
130 23
130 202
130 431
130 522
130 813
130 977
130 1110
130 1334
130 1482
130 1624
130 1816
130 2005
130 2047
130 2310
130 2466
130 2569
130 2724
130 2959
130 3165
130 3317
130 3502
130 3643
130 3857
130 3922
131 63
131 220
131 453
131 659
131 819
131 975
131 1127
131 1217
131 1410
131 1619
131 1699
131 1968
131 2111
131 2292
131 2499
131 2614
131 2853
131 2880
131 3181
131 3341
131 3370
131 3664
131 3804
131 4000
132 167
132 320
132 365
132 647
132 727
132 876
132 1037
132 1245
132 1376
132 1515
132 1746
132 1901
132 2130
132 2295
132 2397
132 2656
132 2722
132 2962
132 3123
132 3259
132 3426
132 3601
132 3808
132 3886
133 93
133 170
133 408
133 638
133 686
133 852
133 1130
133 1211
133 1400
133 1618
133 1752
133 1889
133 2156
133 2312
133 2404
133 2658
133 2854
133 3020
133 3028
133 3339
133 3376
133 3597
133 3722
133 3865
134 95
134 240
134 356
134 551
134 777
134 858
134 1084
134 1296
134 1431
134 1534
134 1829
134 1957
134 2174
134 2255
134 2399
134 2680
134 2834
134 2858
134 3035
134 3329
134 3449
134 3640
134 3810
134 3929
135 45
135 274
135 482
135 589
135 761
135 865
135 1141
135 1253
135 1387
135 1656
135 1716
135 1856
135 2161
135 2267
135 2454
135 2589
135 2835
135 2973
135 3112
135 3303
135 3467
135 3660
135 3735
135 3917
136 36
136 327
136 393
136 590
136 793
136 842
136 1027
136 1240
136 1379
136 1529
136 1773
136 2000
136 2134
136 2271
136 2412
136 2597
136 2737
136 2927
136 3108
136 3216
136 3373
136 3579
136 3742
136 3903
137 44
137 302
137 493
137 506
137 806
137 971
137 1080
137 1219
137 1501
137 1620
137 1757
137 1980
137 2119
137 2201
137 2514
137 2564
137 2786
137 2943
137 3132
137 3330
137 3499
137 3584
137 3812
137 3937
138 49
138 311
138 347
138 605
138 805
138 880
138 1086
138 1273
138 1493
138 1572
138 1749
138 1933
138 2032
138 2291
138 2427
138 2604
138 2756
138 2867
138 3152
138 3359
138 3371
138 3646
138 3802
138 3907
139 136
139 298
139 346
139 532
139 678
139 863
139 1025
139 1343
139 1466
139 1613
139 1764
139 2013
139 2136
139 2207
139 2422
139 2527
139 2740
139 2949
139 3191
139 3288
139 3417
139 3572
139 3767
139 3967
140 30
140 228
140 383
140 591
140 839
140 969
140 1065
140 1317
140 1350
140 1641
140 1684
140 2003
140 2109
140 2220
140 2424
140 2526
140 2767
140 2979
140 3044
140 3196
140 3433
140 3614
140 3760
140 3906
141 28
141 204
141 341
141 574
141 760
141 885
141 1019
141 1286
141 1365
141 1554
141 1846
141 2008
141 2055
141 2230
141 2465
141 2603
141 2813
141 2886
141 3042
141 3294
141 3451
141 3661
141 3853
141 3957
142 58
142 180
142 376
142 615
142 752
142 879
142 1094
142 1250
142 1392
142 1532
142 1820
142 1942
142 2046
142 2307
142 2426
142 2608
142 2826
142 2994
142 3025
142 3347
142 3465
142 3565
142 3766
142 3985
143 105
143 252
143 503
143 624
143 829
143 926
143 1015
143 1197
143 1437
143 1654
143 1784
143 2007
143 2123
143 2252
143 2383
143 2633
143 2781
143 2977
143 3056
143 3229
143 3419
143 3628
143 3764
143 4023
144 120
144 176
144 502
144 510
144 747
144 925
144 1055
144 1327
144 1354
144 1670
144 1786
144 1986
144 2107
144 2346
144 2450
144 2624
144 2821
144 2899
144 3087
144 3352
144 3404
144 3608
144 3765
144 4014
145 131
145 172
145 412
145 633
145 840
145 924
145 1033
145 1315
145 1367
145 1530
145 1817
145 1881
145 2068
145 2238
145 2443
145 2617
145 2749
145 2879
145 3049
145 3343
145 3456
145 3686
145 3770
145 3877
146 61
146 232
146 363
146 541
146 709
146 958
146 1164
146 1283
146 1508
146 1548
146 1717
146 1931
146 2117
146 2269
146 2393
146 2581
146 2727
146 2958
146 3118
146 3235
146 3442
146 3596
146 3821
146 4003
147 22
147 169
147 402
147 568
147 743
147 927
147 1083
147 1279
147 1373
147 1674
147 1848
147 1919
147 2042
147 2208
147 2359
147 2640
147 2825
147 2983
147 3155
147 3194
147 3428
147 3674
147 3859
147 3994
148 157
148 194
148 338
148 656
148 696
148 948
148 1040
148 1188
148 1464
148 1577
148 1777
148 1872
148 2141
148 2276
148 2517
148 2679
148 2717
148 2893
148 3066
148 3335
148 3415
148 3637
148 3757
148 3899
149 107
149 215
149 368
149 521
149 742
149 922
149 1036
149 1223
149 1444
149 1543
149 1793
149 1985
149 2073
149 2334
149 2444
149 2587
149 2697
149 2884
149 3058
149 3193
149 3470
149 3538
149 3753
149 3942
150 62
150 279
150 399
150 654
150 836
150 883
150 1035
150 1202
150 1375
150 1669
150 1707
150 1971
150 2135
150 2303
150 2368
150 2661
150 2704
150 3023
150 3140
150 3345
150 3374
150 3681
150 3803
150 4005
151 168
151 187
151 354
151 672
151 695
151 908
151 1092
151 1238
151 1349
151 1649
151 1812
151 1854
151 2168
151 2338
151 2405
151 2669
151 2776
151 2939
151 3046
151 3346
151 3462
151 3600
151 3830
151 4012
152 89
152 263
152 380
152 665
152 764
152 953
152 1106
152 1264
152 1471
152 1573
152 1682
152 1920
152 2131
152 2251
152 2360
152 2572
152 2690
152 2937
152 3093
152 3256
152 3414
152 3623
152 3752
152 3990
153 87
153 326
153 504
153 515
153 751
153 952
153 1057
153 1247
153 1448
153 1602
153 1797
153 1915
153 2177
153 2306
153 2508
153 2610
153 2703
153 2883
153 3185
153 3284
153 3487
153 3610
153 3700
153 3951
154 88
154 243
154 405
154 542
154 773
154 841
154 1082
154 1213
154 1402
154 1598
154 1695
154 1922
154 2146
154 2315
154 2468
154 2543
154 2833
154 2905
154 3083
154 3245
154 3492
154 3581
154 3704
154 3964
155 133
155 259
155 500
155 539
155 785
155 907
155 1142
155 1284
155 1358
155 1663
155 1711
155 1880
155 2170
155 2212
155 2396
155 2687
155 2733
155 2968
155 3026
155 3222
155 3430
155 3564
155 3729
155 3949
156 164
156 325
156 455
156 540
156 828
156 1008
156 1117
156 1271
156 1422
156 1664
156 1714
156 1963
156 2043
156 2330
156 2408
156 2531
156 2728
156 2924
156 3139
156 3205
156 3402
156 3611
156 3717
156 3895
157 78
157 217
157 459
157 600
157 700
157 992
157 1133
157 1179
157 1440
157 1668
157 1780
157 1938
157 2060
157 2206
157 2479
157 2615
157 2806
157 2874
157 3134
157 3225
157 3508
157 3690
157 3773
157 4009
158 46
158 335
158 446
158 643
158 802
158 978
158 1020
158 1295
158 1490
158 1518
158 1818
158 1988
158 2027
158 2246
158 2487
158 2612
158 2790
158 2902
158 3121
158 3336
158 3441
158 3694
158 3825
158 4015
159 129
159 267
159 352
159 661
159 711
159 998
159 1064
159 1301
159 1479
159 1574
159 1765
159 1879
159 2072
159 2286
159 2462
159 2642
159 2772
159 2888
159 3036
159 3305
159 3466
159 3682
159 3831
159 3943
160 145
160 273
160 466
160 646
160 746
160 961
160 1124
160 1205
160 1348
160 1531
160 1712
160 1882
160 2035
160 2213
160 2381
160 2544
160 2819
160 2921
160 3120
160 3337
160 3412
160 3576
160 3820
160 3892
161 26
161 185
161 451
161 642
161 689
161 932
161 1168
161 1309
161 1420
161 1592
161 1844
161 1930
161 2056
161 2282
161 2373
161 2649
161 2828
161 2881
161 3175
161 3208
161 3390
161 3673
161 3836
161 3960
162 56
162 201
162 484
162 555
162 774
162 873
162 1045
162 1269
162 1438
162 1621
162 1790
162 1940
162 2053
162 2263
162 2449
162 2619
162 2710
162 2918
162 3192
162 3350
162 3526
162 3648
162 3697
162 3936
163 158
163 213
163 362
163 566
163 784
163 923
163 1174
163 1321
163 1474
163 1626
163 1839
163 1909
163 2025
163 2336
163 2410
163 2668
163 2731
163 3017
163 3151
163 3287
163 3485
163 3550
163 3791
163 4018
164 55
164 186
164 432
164 650
164 712
164 991
164 1101
164 1311
164 1509
164 1537
164 1787
164 1877
164 2082
164 2323
164 2434
164 2646
164 2705
164 2914
164 3103
164 3249
164 3409
164 3536
164 3727
164 3950
165 3
165 330
165 438
165 582
165 720
165 974
165 1151
165 1310
165 1475
165 1629
165 1766
165 1955
165 2057
165 2335
165 2428
165 2609
165 2758
165 2912
165 3094
165 3251
165 3489
165 3630
165 3706
165 3879
166 137
166 256
166 460
166 625
166 740
166 897
166 1010
166 1262
166 1397
166 1614
166 1789
166 1912
166 2062
166 2328
166 2481
166 2537
166 2707
166 2909
166 3190
166 3315
166 3396
166 3615
166 3737
166 3978
167 72
167 285
167 472
167 608
167 791
167 870
167 1058
167 1289
167 1454
167 1524
167 1688
167 2014
167 2031
167 2325
167 2511
167 2685
167 2739
167 3001
167 3129
167 3333
167 3427
167 3619
167 3734
167 3884
168 96
168 241
168 442
168 641
168 834
168 902
168 1135
168 1237
168 1384
168 1660
168 1770
168 1990
168 2045
168 2349
168 2446
168 2577
168 2791
168 2961
168 3133
168 3234
168 3367
168 3662
168 3837
168 3974
1 4245
1 4738
1 5312
1 6153
1 6723
1 7224
1 7618
2 4342
2 4846
2 5224
2 5857
2 6409
2 7054
2 7873
3 4115
3 5081
3 5349
3 5764
3 6843
3 7181
3 8013
4 4534
4 5012
4 5258
4 6286
4 6509
4 7199
4 7930
5 4165
5 4844
5 5352
5 5906
5 6814
5 7293
5 7523
6 4272
6 4875
6 5608
6 6062
6 6886
6 7450
6 7749
7 4474
7 4810
7 5271
7 5985
7 6358
7 7331
7 7859
8 4374
8 4665
8 5378
8 6325
8 6627
8 7383
8 7898
9 4546
9 5017
9 5372
9 6034
9 6752
9 7197
9 7701
10 4408
10 4724
10 5521
10 6050
10 6706
10 6929
10 7923
11 4158
11 4965
11 5329
11 6113
11 6577
11 7002
11 7801
12 4323
12 4913
12 5387
12 5869
12 6399
12 7132
12 7698
13 4379
13 4611
13 5750
13 6105
13 6604
13 7435
13 7578
14 4149
14 5179
14 5691
14 5813
14 6456
14 7404
14 7925
15 4080
15 4871
15 5315
15 5783
15 6581
15 7368
15 7886
16 4097
16 4865
16 5323
16 6016
16 6557
16 7430
16 7521
17 4174
17 5065
17 5388
17 5794
17 6571
17 7127
17 7807
18 4318
18 4959
18 5281
18 6224
18 6807
18 7010
18 7766
19 4206
19 5003
19 5552
19 6190
19 6618
19 7233
19 7659
20 4394
20 5024
20 5730
20 5935
20 6774
20 7157
20 7616
21 4370
21 4933
21 5218
21 6036
21 6379
21 7284
21 7607
22 4532
22 4614
22 5454
22 5982
22 6611
22 7033
22 7742
23 4373
23 4619
23 5222
23 6151
23 6833
23 7023
23 7630
24 4034
24 4745
24 5462
24 6265
24 6699
24 7388
24 8062
25 4427
25 4934
25 5294
25 5970
25 6663
25 7392
25 7955
26 4592
26 4672
26 5736
26 6335
26 6753
26 7417
26 7519
27 4424
27 4910
27 5561
27 5930
27 6583
27 7305
27 7702
28 4389
28 4879
28 5291
28 5776
28 6564
28 7248
28 7896
29 4384
29 4955
29 5200
29 5812
29 6636
29 7231
29 7648
30 4375
30 4749
30 5194
30 6244
30 6410
30 7385
30 7741
31 4042
31 5118
31 5580
31 6012
31 6759
31 7283
31 7738
32 4444
32 4649
32 5605
32 6306
32 6381
32 7438
32 7731
33 4273
33 4761
33 5587
33 6123
33 6527
33 7198
33 7559
34 4291
34 4811
34 5722
34 6289
34 6512
34 7192
34 7513
35 4443
35 5045
35 5643
35 5842
35 6897
35 7454
35 7647
36 4058
36 4854
36 5490
36 5858
36 6866
36 7291
36 8055
37 4398
37 5064
37 5636
37 5790
37 6517
37 6973
37 7593
38 4243
38 5103
38 5328
38 6069
38 6400
38 7396
38 8020
39 4066
39 4740
39 5414
39 6083
39 6735
39 7204
39 7498
40 4438
40 4750
40 5574
40 5853
40 6738
40 7032
40 7634
41 4345
41 4742
41 5484
41 6314
41 6391
41 7288
41 7596
42 4515
42 4639
42 5467
42 5771
42 6655
42 7317
42 8006
43 4473
43 4936
43 5287
43 6031
43 6907
43 7289
43 7846
44 4350
44 4967
44 5411
44 5976
44 6696
44 7081
44 7804
45 4213
45 4907
45 5538
45 5862
45 6458
45 7200
45 8026
46 4482
46 4974
46 5530
46 6091
46 6362
46 7096
46 7999
47 4537
47 4830
47 5624
47 6330
47 6359
47 7309
47 8063
48 4442
48 5069
48 5708
48 5761
48 6488
48 7351
48 7817
49 4578
49 5086
49 5533
49 5833
49 6782
49 7170
49 7628
50 4453
50 4962
50 5321
50 6277
50 6883
50 7402
50 7934
51 4420
51 4817
51 5443
51 6024
51 6401
51 7116
51 8053
52 4151
52 5094
52 5261
52 5801
52 6673
52 7447
52 7714
53 4471
53 4743
53 5383
53 6229
53 6529
53 7346
53 7502
54 4193
54 4922
54 5217
54 6080
54 6713
54 7354
54 7555
55 4254
55 4733
55 5358
55 5900
55 6640
55 6950
55 7546
56 4207
56 5093
56 5297
56 6014
56 6412
56 7390
56 7673
57 4264
57 4902
57 5464
57 5980
57 6350
57 6920
57 7532
58 4078
58 4654
58 5336
58 5977
58 6763
58 7296
58 7642
59 4437
59 4693
59 5379
59 5879
59 6884
59 7251
59 7858
60 4224
60 5162
60 5645
60 6100
60 6874
60 7042
60 8064
61 4278
61 4819
61 5546
61 6058
61 6563
61 7272
61 8016
62 4294
62 5182
62 5544
62 6307
62 6707
62 6975
62 7805
63 4567
63 5022
63 5219
63 5852
63 6704
63 7326
63 7603
64 4569
64 4705
64 5394
64 6228
64 6419
64 7207
64 7829
65 4255
65 4731
65 5449
65 6078
65 6491
65 7076
65 7944
66 4185
66 4636
66 5386
66 6191
66 6393
66 7159
66 7489
67 4317
67 4615
67 5256
67 6326
67 6711
67 7315
67 7564
68 4570
68 4711
68 5571
68 6082
68 6810
68 7433
68 7497
69 4311
69 4842
69 5220
69 5993
69 6385
69 6925
69 7968
70 4491
70 5181
70 5304
70 5797
70 6721
70 7160
70 7626
71 4094
71 5006
71 5622
71 5973
71 6672
71 7011
71 7793
72 4439
72 4991
72 5293
72 5933
72 6540
72 7209
72 7997
73 4117
73 4673
73 5309
73 6219
73 6853
73 7300
73 8047
74 4214
74 4887
74 5208
74 6282
74 6786
74 7278
74 8024
75 4495
75 5014
75 5583
75 6304
75 6683
75 7046
75 7927
76 4052
76 5115
76 5389
76 5905
76 6904
76 7143
76 7818
77 4237
77 4828
77 5368
77 5839
77 6469
77 7171
77 7712
78 4531
78 5008
78 5632
78 6056
78 6340
78 7348
78 8032
79 4539
79 5151
79 5499
79 5795
79 6425
79 7095
79 7554
80 4114
80 5138
80 5269
80 6138
80 6852
80 7147
80 7910
81 4212
81 5084
81 5545
81 6057
81 6380
81 7211
81 7563
82 4608
82 4847
82 5548
82 5994
82 6754
82 7281
82 7786
83 4130
83 5129
83 5734
83 6157
83 6881
83 7378
83 7512
84 4060
84 4708
84 5600
84 6275
84 6746
84 6926
84 7762
85 4575
85 4753
85 5486
85 6094
85 6370
85 6989
85 7517
86 4513
86 5011
86 5575
86 6146
86 6349
86 7253
86 7853
87 4265
87 4660
87 5619
87 5787
87 6473
87 7456
87 7670
88 4049
88 4989
88 5713
88 6135
88 6626
88 6965
88 7709
89 4098
89 5035
89 5595
89 5954
89 6685
89 7271
89 7740
90 4380
90 5133
90 5707
90 5914
90 6688
90 7206
90 7900
91 4112
91 4799
91 5505
91 6196
91 6709
91 7465
91 7826
92 4297
92 4690
92 5725
92 6333
92 6861
92 6921
92 7504
93 4155
93 4840
93 5563
93 5838
93 6813
93 6939
93 7871
94 4421
94 4911
94 5664
94 6315
94 6471
94 6963
94 7595
95 4452
95 4637
95 5360
95 6188
95 6545
95 7242
95 7780
96 4461
96 5037
96 5520
96 5884
96 6466
96 7449
96 7755
97 4355
97 4692
97 5716
97 5847
97 6690
97 6944
97 7809
98 4334
98 4756
98 5709
98 5823
98 6661
98 7164
98 7967
99 4387
99 4899
99 5715
99 6047
99 6497
99 7232
99 8003
100 4435
100 4901
100 5237
100 5951
100 6559
100 7431
100 7916
101 4524
101 4697
101 5556
101 6149
101 6906
101 7327
101 7560
102 4043
102 5079
102 5634
102 6136
102 6414
102 7073
102 7914
103 4315
103 5113
103 5536
103 5849
103 6429
103 7340
103 7662
104 4484
104 4917
104 5466
104 6212
104 6602
104 7178
104 7851
105 4348
105 4837
105 5491
105 6071
105 6388
105 7325
105 7696
106 4364
106 4616
106 5609
106 5882
106 6872
106 6993
106 7827
107 4509
107 4963
107 5672
107 6251
107 6808
107 6971
107 7551
108 4381
108 4877
108 5549
108 5911
108 6462
108 7337
108 7660
109 4083
109 4699
109 5412
109 5854
109 6590
109 7004
109 7511
110 4465
110 4801
110 5525
110 6253
110 6710
110 7393
110 7699
111 4344
111 4953
111 5522
111 5894
111 6553
111 7105
111 7778
112 4601
112 4764
112 5748
112 5921
112 6908
112 7485
112 7632
113 4170
113 4836
113 5295
113 5939
113 6539
113 6979
113 8060
114 4426
114 4951
114 5204
114 6051
114 6863
114 7213
114 7936
115 4266
115 4716
115 5510
115 6120
115 6536
115 7189
115 7922
116 4134
116 5048
116 5721
116 6293
116 6641
116 7436
116 8015
117 4107
117 5122
117 5694
117 6075
117 6725
117 7405
117 7915
118 4329
118 5100
118 5481
118 6274
118 6461
118 7476
118 7971
119 4232
119 4850
119 5305
119 6236
119 6574
119 7036
119 7773
120 4069
120 5092
120 5444
120 6260
120 6524
120 6951
120 7663
121 4535
121 4647
121 5290
121 6043
121 6844
121 7247
121 7664
122 4125
122 4661
122 5469
122 5966
122 6394
122 7466
122 7868
123 4351
123 4930
123 5558
123 5861
123 6453
123 7470
123 7602
124 4056
124 4851
124 5474
124 6167
124 6549
124 7418
124 7703
125 4383
125 4950
125 5396
125 6279
125 6691
125 7226
125 7994
126 4225
126 4973
126 5408
126 5815
126 6460
126 7113
126 7959
127 4146
127 4956
127 5346
127 6108
127 6831
127 7301
127 7800
128 4184
128 5085
128 5272
128 6204
128 6625
128 6962
128 8036
129 4588
129 4873
129 5754
129 6019
129 6638
129 7318
129 7688
130 4547
130 4645
130 5660
130 6243
130 6445
130 7259
130 8000
131 4405
131 5062
131 5463
131 5904
131 6390
131 7328
131 7808
132 4504
132 4787
132 5599
132 6054
132 6832
132 7135
132 7556
133 4436
133 4826
133 5472
133 6030
133 6888
133 6947
133 7621
134 4585
134 5154
134 5424
134 6074
134 6758
134 7136
134 7992
135 4526
135 4809
135 5227
135 5888
135 6503
135 7280
135 7957
136 4564
136 4669
136 5468
136 5963
136 6447
136 7370
136 7897
137 4113
137 5170
137 5576
137 5798
137 6580
137 7006
137 7549
138 4152
138 5144
138 5244
138 6162
138 6357
138 7411
138 7940
139 4397
139 4944
139 5677
139 5788
139 6669
139 7060
139 7743
140 4104
140 5125
140 5452
140 5997
140 6717
140 7264
140 7721
141 4494
141 4941
141 5205
141 5941
141 6870
141 7463
141 7686
142 4159
142 4980
142 5524
142 6205
142 6695
142 7277
142 7946
143 4566
143 5013
143 5371
143 5929
143 6787
143 6987
143 7727
144 4089
144 4681
144 5492
144 6039
144 6368
144 7273
144 7855
145 4551
145 5029
145 5543
145 6084
145 6765
145 7068
145 7932
146 4338
146 4767
146 5758
146 6215
146 6847
146 7120
146 7792
147 4296
147 5002
147 5399
147 5902
147 6493
147 7055
147 7633
148 4055
148 4664
148 5191
148 6109
148 6727
148 7442
148 7887
149 4194
149 5061
149 5351
149 5774
149 6592
149 7186
149 7641
150 4277
150 4648
150 5573
150 6169
150 6416
150 7168
150 7947
151 4357
151 4653
151 5646
151 5919
151 6789
151 6916
151 7514
152 4142
152 5142
152 5640
152 6323
152 6643
152 7469
152 7754
153 4256
153 5031
153 5465
153 6088
153 6459
153 7240
153 7708
154 4137
154 4867
154 5628
154 5835
154 6700
154 7458
154 7672
155 4553
155 5164
155 5537
155 5898
155 6485
155 7227
155 7558
156 4299
156 4834
156 5615
156 5942
156 6533
156 7263
156 7839
157 4505
157 4709
157 5288
157 6271
157 6665
157 7101
157 8058
158 4313
158 4835
158 5298
158 6197
158 6451
158 7066
158 7883
159 4451
159 4670
159 5403
159 5845
159 6606
159 6980
159 7789
160 4459
160 4856
160 5701
160 5859
160 6764
160 7379
160 7534
161 4150
161 4868
161 5755
161 6294
161 6619
161 7217
161 7652
162 4603
162 4734
162 5242
162 6046
162 6430
162 7480
162 7834
163 4168
163 4894
163 5359
163 6305
163 6450
163 7258
163 7831
164 4475
164 4675
164 5617
164 5784
164 6769
164 7084
164 7691
165 4132
165 5055
165 5732
165 6180
165 6900
165 7166
165 7538
166 4390
166 5136
166 5514
166 5967
166 6403
166 7332
166 7675
167 4560
167 5058
167 5658
167 5899
167 6903
167 7295
167 7976
168 4516
168 5091
168 5471
168 5943
168 6516
168 7014
168 7500
169 4166
169 4988
169 5460
169 6095
169 6520
169 7057
169 7765
170 4428
170 4668
170 5550
170 5811
170 6386
170 7334
170 7797
171 4542
171 4618
171 5235
171 6065
171 6671
171 6931
171 8012
172 4131
172 4838
172 5432
172 5785
172 6342
172 7018
172 7782
173 4195
173 4776
173 5759
173 5920
173 6630
173 6998
173 7507
174 4497
174 4862
174 5735
174 5808
174 6819
174 7052
174 7835
175 4065
175 4893
175 5710
175 5864
175 6828
175 6928
175 7965
176 4431
176 5163
176 5577
176 5881
176 6840
176 7021
176 7764
177 4360
177 4736
177 5440
177 6217
177 6417
177 7364
177 7562
178 4574
178 4667
178 5593
178 5860
178 6651
178 7163
178 7636
179 4341
179 4666
179 5231
179 6295
179 6797
179 7053
179 7928
180 4127
180 5183
180 5456
180 6194
180 6762
180 7086
180 7798
181 4449
181 4852
181 5441
181 5991
181 6740
181 6938
181 7756
182 4460
182 4909
182 5216
182 6004
182 6441
182 7108
182 7931
183 4356
183 4631
183 5230
183 6070
183 6586
183 7080
183 7656
184 4602
184 4947
184 5301
184 6003
184 6479
184 7462
184 7548
185 4140
185 5056
185 5630
185 5912
185 6347
185 7252
185 7524
186 4582
186 4943
186 5426
186 6124
186 6515
186 7077
186 7945
187 4244
187 4920
187 5354
187 6114
187 6551
187 7460
187 7693
188 4606
188 5134
188 5572
188 6099
188 6744
188 7361
188 7796
189 4591
189 4843
189 5273
189 6129
189 6575
189 7420
189 7736
190 4280
190 4609
190 5507
190 5830
190 6438
190 7324
190 7715
191 4221
191 4855
191 5523
191 6182
191 6455
191 6995
191 7988
192 4450
192 4903
192 5702
192 5916
192 6492
192 7128
192 7837
193 4419
193 5077
193 5542
193 6318
193 6337
193 7488
193 7775
194 4432
194 4848
194 5502
194 6023
194 6800
194 7244
194 7612
195 4122
195 5049
195 5418
195 5949
195 6494
195 7341
195 7499
196 4555
196 5141
196 5534
196 6134
196 6440
196 6991
196 8018
197 4478
197 4797
197 5254
197 5979
197 6495
197 6969
197 7771
198 4081
198 5159
198 5687
198 6128
198 6610
198 7190
198 7998
199 4223
199 5089
199 5263
199 6227
199 6868
199 7395
199 7876
200 4326
200 4683
200 5519
200 6216
200 6773
200 6981
200 7812
201 4457
201 4952
201 5277
201 6225
201 6862
201 6992
201 7732
202 4039
202 4861
202 5675
202 6284
202 6715
202 7306
202 8004
203 4501
203 5106
203 5651
203 6221
203 6620
203 7384
203 7565
204 4229
204 5145
204 5380
204 5897
204 6346
204 6924
204 7552
205 4182
205 4886
205 5207
205 6241
205 6472
205 7091
205 7733
206 4392
206 5090
206 5719
206 6178
206 6785
206 7310
206 7573
207 4200
207 4768
207 5662
207 5960
207 6898
207 7027
207 7938
208 4233
208 5102
208 5555
208 6101
208 6572
208 7448
208 7615
209 4136
209 4720
209 5429
209 6174
209 6396
209 7363
209 7803
210 4285
210 4808
210 5586
210 6040
210 6420
210 7428
210 8031
211 4579
211 4773
211 5627
211 5763
211 6912
211 7367
211 7503
212 4441
212 4889
212 5666
212 6220
212 6478
212 7269
212 7791
213 4412
213 4624
213 5612
213 5867
213 6392
213 6948
213 7594
214 4179
214 5149
214 5260
214 6168
214 6743
214 6942
214 7776
215 4309
215 4755
215 5393
215 5765
215 6815
215 7397
215 7575
216 4401
216 4898
216 5620
216 5887
216 6499
216 7051
216 7977
217 4337
217 4792
217 5712
217 6087
217 6616
217 7245
217 8019
218 4109
218 4839
218 5265
218 5873
218 6576
218 6954
218 7983
219 4580
219 5041
219 5613
219 6248
219 6768
219 7158
219 7597
220 4178
220 4634
220 5324
220 6179
220 6891
220 6943
220 7737
221 4154
221 5020
221 5594
221 5983
221 6733
221 6940
221 7870
222 4092
222 5110
222 5270
222 6181
222 6851
222 7133
222 7739
223 4241
223 4717
223 5621
223 5772
223 6633
223 7174
223 7684
224 4173
224 5067
224 5238
224 6237
224 6796
224 7146
224 7747
225 4250
225 4650
225 5409
225 6310
225 6803
225 7290
225 7527
226 4518
226 4774
226 5637
226 5958
226 6554
226 7409
226 7666
227 4589
227 5178
227 5567
227 6000
227 6624
227 7374
227 7866
228 4339
228 4960
228 5592
228 6262
228 6806
228 6946
228 7598
229 4183
229 4786
229 5306
229 5856
229 6480
229 6984
229 7687
230 4201
230 4937
230 5335
230 5827
230 6361
230 7365
230 7683
231 4556
231 5131
231 5259
231 5945
231 6531
231 7016
231 7845
232 4502
232 4816
232 5650
232 5828
232 6407
232 7481
232 8033
233 4584
233 4900
233 5689
233 6044
233 6344
233 7193
233 7665
234 4367
234 4758
234 5699
234 5780
234 6850
234 7412
234 7954
235 4422
235 5030
235 5318
235 5964
235 6824
235 7275
235 7802
236 4521
236 4680
236 5255
236 6164
236 6353
236 7230
236 7490
237 4324
237 4860
237 5518
237 5896
237 6504
237 7262
237 7608
238 4498
238 4613
238 5564
238 6172
238 6776
238 7339
238 7505
239 4238
239 4985
239 5661
239 6187
239 6535
239 7013
239 7996
240 4545
240 5080
240 5327
240 6324
240 6433
240 7297
240 7501
241 4161
241 4655
241 5569
241 6287
241 6444
241 7156
241 7984
242 4053
242 5068
242 5422
242 6115
242 6383
242 7102
242 7882
243 4594
243 5139
243 5478
243 6041
243 6652
243 7104
243 8028
244 4090
244 4790
244 5741
244 6296
244 6801
244 7093
244 7550
245 4099
245 4722
245 5286
245 5927
245 6522
245 7270
245 8049
246 4320
246 4721
246 5225
246 5965
246 6467
246 7369
246 7544
247 4077
247 4686
247 5500
247 5834
247 6498
247 7479
247 7690
248 4267
248 4890
248 5509
248 5974
248 6372
248 7285
248 7620
249 4503
249 5027
249 5370
249 6005
249 6404
249 7173
249 7506
250 4188
250 5137
250 5508
250 6052
250 6436
250 7381
250 8051
251 4120
251 4827
251 5746
251 6193
251 6767
251 7130
251 7748
252 4197
252 4977
252 5517
252 5999
252 6406
252 7294
252 7952
253 4366
253 4925
253 5529
253 6106
253 6716
253 7026
253 7681
254 4198
254 5155
254 5540
254 5848
254 6845
254 7345
254 8025
255 4292
255 4946
255 5420
255 6185
255 6413
255 7047
255 8010
256 4208
256 4674
256 5282
256 6254
256 6599
256 7246
256 7692
257 4301
257 5099
257 5516
257 6008
257 6431
257 7329
257 7536
258 4571
258 4897
258 5382
258 6320
258 6448
258 6967
258 7643
259 4328
259 4780
259 5308
259 6017
259 6667
259 7357
259 7617
260 4554
260 5016
260 5339
260 5770
260 6792
260 7238
260 7661
261 4316
261 4884
261 5483
261 6232
261 6755
261 7268
261 8052
262 4103
262 4751
262 5278
262 6183
262 6578
262 7452
262 7646
263 4335
263 5028
263 5334
263 5837
263 6788
263 7115
263 7795
264 4191
264 5075
264 5453
264 6117
264 6859
264 7359
264 7545
265 4220
265 5032
265 5688
265 6103
265 6474
265 7071
265 7587
266 4347
266 4679
266 5415
266 6025
266 6846
266 7399
266 8048
267 4361
267 5130
267 5333
267 5843
267 6747
267 7131
267 7869
268 4128
268 4691
268 5215
268 6038
268 6343
268 6932
268 8017
269 4483
269 4831
269 5685
269 5883
269 6790
269 6968
269 8029
270 4091
270 4970
270 5246
270 6273
270 6395
270 7028
270 7761
271 4599
271 5026
271 5257
271 6300
271 6842
271 7141
271 8008
272 4415
272 5036
272 5728
272 5955
272 6354
272 7142
272 7694
273 4399
273 4630
273 5551
273 6141
273 6567
273 7154
273 7852
274 4359
274 4813
274 5678
274 5865
274 6452
274 7025
274 7991
275 4440
275 4682
275 5642
275 5769
275 6603
275 7352
275 7978
276 4407
276 5009
276 5527
276 5868
276 6584
276 7276
276 7911
277 4180
277 4997
277 5262
277 6104
277 6676
277 7219
277 7948
278 4433
278 5120
278 5268
278 5814
278 6783
278 7153
278 7904
279 4605
279 4870
279 5671
279 5880
279 6408
279 7137
279 7830
280 4235
280 5132
280 5195
280 5892
280 6854
280 7191
280 7537
281 4269
281 4892
281 5187
281 6121
281 6489
281 7037
281 7658
282 4470
282 4723
282 5390
282 6208
282 6751
282 6956
282 7935
283 4576
283 5043
283 5585
283 6098
283 6555
283 7429
283 7491
284 4600
284 4765
284 5596
284 6189
284 6645
284 6918
284 7631
285 4044
285 5072
285 5369
285 6288
285 6402
285 7414
285 7495
286 4314
286 5174
286 5625
286 6053
286 6382
286 7335
286 8005
287 4573
287 5158
287 5489
287 5844
287 6860
287 7394
287 7729
288 4248
288 4945
288 5338
288 6231
288 6818
288 7307
288 7707
289 4240
289 4948
289 5229
289 6165
289 6609
289 7313
289 7854
290 4303
290 4979
290 5606
290 5863
290 6875
290 7302
290 7493
291 4445
291 5116
291 5649
291 5918
291 6820
291 7031
291 7863
292 4087
292 4966
292 5210
292 5829
292 6761
292 7441
292 7601
293 4562
293 4633
293 5641
293 6035
293 6791
293 7241
293 7583
294 4413
294 5097
294 5344
294 5968
294 6484
294 6952
294 7926
295 4369
295 4845
295 5535
295 6195
295 6569
295 7256
295 7849
296 4583
296 4621
296 5320
296 5998
296 6838
296 7250
296 7605
297 4386
297 4747
297 5376
297 5952
297 6538
297 7041
297 7710
298 4423
298 5034
298 5451
298 6214
298 6885
298 7287
298 7942
299 4476
299 4983
299 5570
299 6299
299 6427
299 7391
299 7772
300 4118
300 4757
300 5221
300 6119
300 6550
300 7220
300 7700
301 4455
301 4924
301 5448
301 5800
301 6910
301 7419
301 7723
302 4171
302 4982
302 5566
302 5810
302 6811
302 7467
302 7590
303 4543
303 4803
303 5423
303 6055
303 6437
303 7022
303 7592
304 4189
304 5039
304 5189
304 5820
304 6793
304 7064
304 7582
305 4209
305 5063
305 5554
305 5878
305 6552
305 7349
305 7822
306 4302
306 5005
306 5565
306 5901
306 6434
306 7161
306 7929
307 4121
307 5052
307 5355
307 5836
307 6562
307 6972
307 7574
308 4111
308 4812
308 5751
308 5891
308 6487
308 7407
308 7614
309 4480
309 4696
309 5446
309 5944
309 6613
309 7453
309 7949
310 4203
310 5104
310 5345
310 6252
310 6544
310 7279
310 7861
311 4283
311 4935
311 5476
311 6060
311 6607
311 7097
311 7604
312 4157
312 4763
312 5367
312 6211
312 6728
312 7477
312 7903
313 4490
313 4942
313 5431
313 5924
313 6771
313 7353
313 7566
314 4268
314 4623
314 5532
314 6026
314 6892
314 7401
314 7726
315 4607
315 4823
315 5603
315 6213
315 6600
315 7148
315 7719
316 4462
316 4781
316 5458
316 6139
316 6560
316 7282
316 8022
317 4288
317 4987
317 5682
317 6170
317 6656
317 7316
317 7722
318 4343
318 4938
318 5684
318 6154
318 6882
318 6982
318 7685
319 4281
319 4612
319 5731
319 6250
319 6662
319 7451
319 7531
320 4192
320 4657
320 5553
320 5871
320 6476
320 7373
320 7669
321 4396
321 5152
321 5197
321 6107
321 6496
321 6923
321 8059
322 4236
322 4641
322 5434
322 5786
322 6446
322 7194
322 7836
323 4577
323 4710
323 5280
323 5915
323 6639
323 7087
323 7724
324 4252
324 5123
324 5633
324 6085
324 6644
324 7478
324 7557
325 4036
325 5059
325 5391
325 5778
325 6679
325 7375
325 7841
326 4596
326 4754
326 5214
326 6144
326 6736
326 6933
326 7810
327 4447
327 4822
327 5497
327 6015
327 6421
327 7003
327 7606
328 4228
328 4859
328 5667
328 6207
328 6646
328 6996
328 7651
329 4528
329 4883
329 5652
329 5773
329 6839
329 7100
329 8045
330 4550
330 5150
330 5739
330 6086
330 6701
330 7017
330 7711
331 4552
331 4659
331 5457
331 6226
331 6601
331 6970
331 8041
332 4156
332 4684
332 5188
332 6218
332 6629
332 6958
332 7744
333 4073
333 4739
333 5477
333 5826
333 6880
333 7082
333 7668
334 4231
334 5177
334 5657
334 5989
334 6502
334 7303
334 7547
335 4247
335 4993
335 5504
335 6249
335 6530
335 7126
335 8056
336 4067
336 4807
336 5656
336 5903
336 6481
336 6919
336 7920
337 4210
337 5165
337 5513
337 6032
337 6366
337 7403
337 7704
338 4035
338 5023
338 5479
338 5961
338 6834
338 7125
338 7990
339 4310
339 4958
339 5531
339 5775
339 6635
339 6966
339 7895
340 4259
340 5112
340 5192
340 6245
340 6649
340 7212
340 7828
341 4411
341 4627
341 5406
341 5886
341 6750
341 6990
341 7720
342 4123
342 5184
342 5659
342 6332
342 6449
342 7423
342 8046
343 4088
343 4658
343 5475
343 5971
343 6795
343 7056
343 8040
344 4253
344 5051
344 5421
344 6126
344 6653
344 7145
344 8039
345 4145
345 4662
345 5342
345 5940
345 6837
345 7078
345 8007
346 4050
346 4882
346 5347
346 5889
346 6775
346 7149
346 7580
347 4561
347 5044
347 5185
347 6298
347 6377
347 7473
347 7650
348 4404
348 4718
348 5407
348 5841
348 6513
348 7089
348 7735
349 4527
349 4775
349 5362
349 6093
349 6659
349 7342
349 8027
350 4512
350 4964
350 5618
350 6090
350 6741
350 7474
350 7885
351 4164
351 5007
351 5285
351 6198
351 6339
351 7320
351 7867
352 4038
352 5156
352 5201
352 5948
352 6720
352 7382
352 7933
353 4586
353 4638
353 5209
353 5907
353 6490
353 7069
353 7982
354 4148
354 4741
354 5676
354 6322
354 6598
354 6930
354 7908
355 4040
355 4695
355 5419
355 6171
355 6732
355 7239
355 7679
356 4525
356 4804
356 5663
356 6308
356 6348
356 7437
356 7774
357 4377
357 4932
357 5744
357 6110
357 6822
357 7134
357 7542
358 4218
358 4635
358 5597
358 6319
358 6692
358 7459
358 7579
359 4204
359 4715
359 5400
359 6111
359 6779
359 6949
359 7520
360 4153
360 4689
360 5749
360 6234
360 6547
360 7360
360 7619
361 4376
361 5175
361 5364
361 5850
361 6772
361 7030
361 8061
362 4108
362 4912
362 5303
362 5913
362 6506
362 7111
362 7644
363 4037
363 4990
363 5428
363 5893
363 6757
363 7439
363 7516
364 4434
364 4782
364 5450
364 6018
364 6422
364 7487
364 7901
365 4467
365 5124
365 5279
365 5895
365 6698
365 7024
365 7745
366 4079
366 4728
366 5614
366 6270
366 6614
366 6977
366 7840
367 4479
367 5135
367 5760
367 6264
367 6658
367 7311
367 7842
368 4458
368 4628
368 5381
368 5804
368 6864
368 7434
368 7899
369 4559
369 5143
369 5239
369 5926
369 6887
369 7094
369 7627
370 4406
370 4688
370 5686
370 5817
370 6911
370 7009
370 7653
371 4410
371 5147
371 5740
371 5987
371 6526
371 7255
371 8042
372 4489
372 4617
372 5470
372 6186
372 6731
372 6959
372 7909
373 4581
373 4869
373 5698
373 6092
373 6675
373 7088
373 7970
374 4260
374 4821
374 5705
374 6240
374 6737
374 7000
374 7629
375 4186
375 4620
375 5223
375 6276
375 6423
375 7162
375 7613
376 4258
376 4779
376 5743
376 6297
376 6657
376 6915
376 7649
377 4205
377 4818
377 5582
377 5831
377 6804
377 6997
377 7585
378 4417
378 4976
378 5579
378 6161
378 6702
378 7202
378 7838
379 4541
379 4981
379 5669
379 6061
379 6829
379 7216
379 7769
380 4270
380 5117
380 5374
380 6059
380 6608
380 7085
380 7525
381 4041
381 5121
381 5494
381 5876
381 6525
381 7215
381 7768
382 4403
382 4796
382 5233
382 6199
382 6835
382 7122
382 7913
383 4454
383 4793
383 5496
383 5938
383 6519
383 6937
383 7706
384 4530
384 4928
384 5365
384 6155
384 6511
384 7347
384 7625
385 4181
385 4849
385 5635
385 6072
385 6411
385 6935
385 7907
386 4349
386 4785
386 5584
386 6263
386 6556
386 7389
386 7981
387 4448
387 5087
387 5724
387 6079
387 6647
387 7075
387 7623
388 4548
388 4805
388 5385
388 5908
388 6871
388 7165
388 7844
389 4251
389 4919
389 5512
389 5832
389 6518
389 7266
389 7530
390 4129
390 4998
390 5332
390 5890
390 6482
390 7254
390 7847
391 4319
391 5010
391 5326
391 6097
391 6558
391 7020
391 7953
392 4558
392 5168
392 5647
392 5807
392 6724
392 7356
392 7572
393 4101
393 4701
393 5653
393 6076
393 6634
393 6957
393 7850
394 4082
394 5025
394 5506
394 6210
394 6780
394 7298
394 8035
395 4549
395 4874
395 5616
395 6201
395 6585
395 7461
395 7713
396 4124
396 4891
396 5437
396 5978
396 6726
396 6913
396 7543
397 4517
397 4622
397 5337
397 6022
397 6612
397 7386
397 7752
398 4385
398 4853
398 5648
398 6116
398 6424
398 7225
398 7753
399 4533
399 4814
399 5723
399 6142
399 6686
399 7045
399 7529
400 4418
400 4829
400 5697
400 5969
400 6749
400 6955
400 7639
401 4219
401 4896
401 5228
401 5950
401 6734
401 7457
401 7884
402 4463
402 5040
402 5482
402 5822
402 6816
402 7185
402 7680
403 4116
403 4802
403 5459
403 5805
403 6781
403 7304
403 7824
404 4305
404 4783
404 5226
404 5803
404 6501
404 7208
404 7705
405 4402
405 5105
405 5604
405 5875
405 6371
405 7183
405 7540
406 4215
406 4794
406 5445
406 6222
406 6546
406 7150
406 7865
407 4275
407 5083
407 5361
407 6029
407 6483
407 7038
407 7561
408 4190
408 5176
408 5539
408 6077
408 6805
408 7387
408 7958
409 4362
409 4778
409 5692
409 6006
409 6739
409 7117
409 7894
410 4306
410 5146
410 5317
410 5802
410 6802
410 7092
410 7937
411 4519
411 5166
411 5455
411 6089
411 6869
411 7106
411 7993
412 4071
412 4969
412 5683
412 6021
412 6510
412 7218
412 7767
413 4284
413 4918
413 5410
413 6131
413 6454
413 6922
413 7494
414 4593
414 4971
414 5404
414 5782
414 6477
414 7299
414 7588
415 4075
415 4832
415 5629
415 6068
415 6826
415 7203
415 7905
416 4597
416 5140
416 5310
416 5777
416 6694
416 7358
416 7816
417 4363
417 4841
417 5299
417 5923
417 6338
417 7468
417 7960
418 4332
418 4800
418 5498
418 5885
418 6666
418 7138
418 7995
419 4538
419 5033
419 5343
419 5840
419 6415
419 7196
419 7924
420 4595
420 5074
420 5670
420 5791
420 6363
420 7330
420 7716
421 4587
421 4766
421 5674
421 6152
421 6703
421 7019
421 7728
422 4425
422 4923
422 5602
422 6192
422 6548
422 7260
422 7912
423 4529
423 4916
423 5581
423 6329
423 6682
423 7484
423 7539
424 4282
424 4625
424 5350
424 6147
424 6858
424 7415
424 7751
425 4298
425 4725
425 5340
425 6247
425 6384
425 7151
425 7577
426 4199
426 5119
426 5313
426 5846
426 6827
426 6983
426 7832
427 4325
427 5046
427 5284
427 6133
427 6537
427 6964
427 7874
428 4358
428 4806
428 5737
428 6238
428 6905
428 7040
428 7917
429 4135
429 4748
429 5588
429 6049
429 6360
429 7144
429 8002
430 4276
430 4994
430 5562
430 6176
430 6670
430 7201
430 8050
431 4304
431 5169
431 5302
431 6313
431 6534
431 7012
431 7759
432 4330
432 5073
432 5198
432 5928
432 6374
432 7210
432 7695
433 4544
433 4730
433 5249
433 6067
433 6465
433 7121
433 8011
434 4536
434 4995
434 5202
434 6309
434 6899
434 7446
434 7676
435 4187
435 4914
435 5203
435 6206
435 6507
435 7249
435 7790
436 4354
436 4663
436 5589
436 6028
436 6664
436 7140
436 7734
437 4085
437 4961
437 5236
437 5818
437 6689
437 6936
437 8044
438 4300
438 4656
438 5511
438 6137
438 6405
438 6960
438 8023
439 4295
439 4824
439 5727
439 5956
439 6879
439 7236
439 7589
440 4557
440 4712
440 5720
440 6235
440 6464
440 7067
440 7763
441 4257
441 4905
441 5416
441 5816
441 6356
441 7432
441 7825
442 4395
442 4999
442 5248
442 6327
442 6486
442 6999
442 7678
443 4216
443 4727
443 5557
443 6328
443 6668
443 7180
443 7843
444 4468
444 4762
444 5480
444 6130
444 6369
444 7205
444 7576
445 4076
445 4687
445 5250
445 6140
445 6830
445 7355
445 7787
446 4353
446 4784
446 5611
446 6202
446 6760
446 7074
446 8009
447 4572
447 4626
447 5300
447 5766
447 6873
447 7098
447 7682
448 4506
448 4651
448 5384
448 6269
448 6542
448 7228
448 7987
449 4487
449 5053
449 5196
449 5851
449 6817
449 7214
449 7872
450 4169
450 4629
450 5398
450 6013
450 6364
450 7061
450 7813
451 4051
451 4652
451 5193
451 5962
451 6878
451 7398
451 7570
452 4331
452 4642
452 5266
452 6009
452 6660
452 7152
452 7718
453 4523
453 5004
453 5397
453 5909
453 6373
453 6978
453 7943
454 4074
454 5018
454 5598
454 5917
454 6677
454 7308
454 7880
455 4246
455 4698
455 5267
455 5809
455 6684
455 6976
455 7819
456 4378
456 4926
456 5213
456 5934
456 6566
456 7400
456 7750
457 4496
457 4789
457 5186
457 6258
457 6561
457 7416
457 7950
458 4540
458 4921
458 5541
458 6223
458 6582
458 7103
458 7785
459 4382
459 4908
459 5696
459 6112
459 6722
459 6988
459 7862
460 4563
460 4788
460 5668
460 5992
460 6508
460 7362
460 7891
461 4598
461 4954
461 5292
461 6158
461 6674
461 7184
461 8021
462 4286
462 5042
462 5438
462 5946
462 6505
462 7406
462 8054
463 4333
463 5172
463 5430
463 6125
463 6591
463 6945
463 7779
464 4507
464 4975
464 5607
464 5972
464 6825
464 7007
464 7986
465 4070
465 4915
465 5251
465 6278
465 6777
465 7443
465 7492
466 4400
466 4719
466 5747
466 5792
466 6902
466 7118
466 7569
467 4172
467 4872
467 5590
467 6148
467 6628
467 7483
467 7962
468 4464
468 4646
468 5673
468 5922
468 6895
468 7234
468 7811
469 4472
469 4815
469 5319
469 6166
469 6514
469 7221
469 7918
470 4057
470 5157
470 5681
470 6027
470 6893
470 7323
470 7591
471 4100
471 4726
471 5626
471 5793
471 6532
471 7182
471 7979
472 4222
472 4880
472 5395
472 6321
472 6890
472 6917
472 7969
473 4391
473 4931
473 5427
473 5866
473 6876
473 7336
473 8043
474 4177
474 4632
474 5356
474 6292
474 6376
474 7187
474 7956
475 4352
475 5000
475 5206
475 6064
475 6877
475 7107
475 7638
476 4143
476 4769
476 5247
476 6280
476 6687
476 7422
476 7667
477 4061
477 5114
477 5753
477 6233
477 6365
477 7237
477 7624
478 4046
478 4866
478 5275
478 6160
478 6856
478 6994
478 8037
479 4063
479 4777
479 5718
479 5767
479 6632
479 7039
479 7535
480 4368
480 5088
480 5341
480 6184
480 6435
480 7083
480 7586
481 4499
481 4737
481 5377
481 6259
481 6521
481 7257
481 7963
482 4054
482 4771
482 5714
482 6045
482 6730
482 7177
482 8057
483 4456
483 4677
483 5276
483 6037
483 6705
483 7169
483 7794
484 4477
484 5109
484 5526
484 5825
484 6867
484 7090
484 8038
485 4211
485 5160
485 5726
485 6311
485 6631
485 7267
485 7878
486 4234
486 4968
486 5655
486 6209
486 6821
486 7344
486 7568
487 4064
487 4713
487 5680
487 6268
487 6573
487 7464
487 7784
488 4469
488 5153
488 5665
488 6081
488 6637
488 7376
488 7975
489 4263
489 4929
489 5706
489 6230
489 6697
489 6985
489 7689
490 4485
490 5082
490 5704
490 5936
490 6463
490 7005
490 8034
491 4510
491 5098
491 5190
491 6150
491 6770
491 7314
491 7857
492 4239
492 5126
492 5610
492 6001
492 6812
492 7008
492 7974
493 4340
493 4940
493 5433
493 6267
493 6809
493 7167
493 7657
494 4279
494 4895
494 5252
494 6301
494 6528
494 7427
494 7717
495 4307
495 4735
495 5473
495 5872
495 6341
495 7425
495 7697
496 4163
496 5038
496 5330
496 6173
496 6617
496 7175
496 7533
497 4372
497 5057
497 5439
497 5947
497 6568
497 7312
497 7600
498 4388
498 4685
498 5638
498 6334
498 6565
498 7321
498 7815
499 4486
499 5171
499 5240
499 5824
499 6729
499 7099
499 7510
500 4227
500 5070
500 5296
500 6118
500 6543
500 7176
500 7864
501 4565
501 4752
501 5501
501 6156
501 6541
501 7001
501 7622
502 4249
502 5173
502 5639
502 5996
502 6352
502 7274
502 7654
503 4068
503 5078
503 5392
503 6007
503 6594
503 7333
503 7919
504 4048
504 4729
504 5560
504 6143
504 6428
504 7034
504 7906
505 4141
505 4881
505 5353
505 6303
505 6442
505 6934
505 7799
506 4147
506 5060
506 5211
506 5762
506 6587
506 7179
506 7758
507 4167
507 4863
507 5695
507 5806
507 6680
507 7112
507 7989
508 4160
508 4795
508 5234
508 6002
508 6351
508 7050
508 7725
509 4062
509 5128
509 5322
509 5981
509 6457
509 7455
509 7966
510 4093
510 5127
510 5447
510 5781
510 6375
510 6986
510 7823
511 4312
511 5066
511 5436
511 5779
511 6855
511 7049
511 7640
512 4106
512 5161
512 5375
512 6242
512 6742
512 7292
512 7814
513 4500
513 4644
513 5264
513 5910
513 6597
513 6927
513 7888
514 4133
514 5021
514 5654
514 6255
514 6500
514 7029
514 7677
515 4175
515 5001
515 5578
515 6102
515 6605
515 7350
515 7674
516 4242
516 5050
516 5311
516 5990
516 6794
516 7371
516 7961
517 4138
517 5107
517 5307
517 6302
517 6432
517 7119
517 7509
518 4429
518 4939
518 5314
518 5975
518 6470
518 7413
518 7777
519 4308
519 4984
519 5316
519 6020
519 6708
519 7229
519 7770
520 4493
520 4791
520 5199
520 6312
520 6712
520 7421
520 7526
521 4110
521 5054
521 5601
521 6132
521 6623
521 7035
521 7746
522 4047
522 4986
522 5373
522 6163
522 6909
522 7188
522 7645
523 4196
523 5148
523 5503
523 5959
523 6714
523 7377
523 8030
524 4230
524 5167
524 5253
524 5796
524 6836
524 7059
524 7821
525 4327
525 4825
525 5485
525 6316
525 6355
525 7139
525 7635
526 4072
526 4671
526 5729
526 5799
526 6848
526 7486
526 7781
527 4126
527 4759
527 5461
527 6336
527 6418
527 7062
527 7567
528 4144
528 4820
528 5495
528 6159
528 6570
528 7070
528 7553
529 4119
529 4927
529 5745
529 5986
529 6894
529 7261
529 7637
530 4393
530 4996
530 5283
530 5768
530 6367
530 6914
530 7571
531 4371
531 4702
531 5693
531 6290
531 6756
531 7265
531 8014
532 4336
532 5111
532 5559
532 5953
532 6766
532 7372
532 7860
533 4086
533 5047
533 5591
533 6257
533 6589
533 6974
533 7496
534 4365
534 4798
534 5402
534 6073
534 6378
534 7482
534 7951
535 4481
535 5015
535 5568
535 6011
535 6799
535 7444
535 7518
536 4346
536 4864
536 5690
536 5995
536 6588
536 7426
536 7508
537 4105
537 5095
537 5366
537 5925
537 6443
537 7015
537 7881
538 4568
538 4972
538 5623
538 6203
538 6642
538 7195
538 7833
539 4096
539 4978
539 5245
539 5789
539 6398
539 7235
539 7609
540 4262
540 4904
540 5363
540 6063
540 6841
540 7475
540 7730
541 4289
541 4957
541 5679
541 6272
541 6622
541 7172
541 7941
542 4271
542 4760
542 5757
542 6291
542 6678
542 7472
542 7783
543 4293
543 4714
543 5488
543 6010
543 6579
543 7072
543 7939
544 4290
544 5076
544 5348
544 6317
544 6748
544 7223
544 7515
545 4176
545 4876
545 5417
545 5819
545 6523
545 7440
545 7584
546 4287
546 4700
546 5212
546 5870
546 6615
546 7408
546 7972
547 4409
547 4857
547 5274
547 6066
547 6595
547 7286
547 7806
548 4522
548 4676
548 5742
548 6256
548 6596
548 7043
548 7856
549 4274
549 4610
549 5325
549 6200
549 6745
549 7129
549 7610
550 4520
550 4878
550 5756
550 6127
550 6778
550 6961
550 7890
551 4202
551 4640
551 5435
551 5855
551 6718
551 7343
551 7921
552 4084
552 5019
552 5752
552 6246
552 6345
552 7338
552 7980
553 4466
553 4992
553 5232
553 6048
553 6896
553 7110
553 7892
554 4416
554 4732
554 5515
554 6285
554 6593
554 7048
554 7877
555 4033
555 5108
555 5401
555 6266
555 6475
555 7471
555 7902
556 4430
556 4706
556 5243
556 6175
556 6468
556 7124
556 7611
557 4508
557 4888
557 5717
557 6122
557 6784
557 7114
557 7879
558 4261
558 4694
558 5241
558 5932
558 6823
558 7079
558 7985
559 4321
559 4678
559 5700
559 6096
559 6648
559 7123
559 7528
560 4414
560 5071
560 5357
560 6042
560 6426
560 7222
560 7889
561 4217
561 4906
561 5528
561 5874
561 6719
561 6953
561 7655
562 4604
562 4746
562 5487
562 5821
562 6621
562 7410
562 7875
563 4514
563 4858
563 5425
563 6177
563 6693
563 7380
563 7522
564 4488
564 4703
564 5547
564 6239
564 6650
564 7155
564 7788
565 4322
565 4744
565 5644
565 6033
565 6889
565 6941
565 7671
566 4102
566 4643
566 5703
566 6281
566 6901
566 7044
566 8001
567 4139
567 5096
567 5405
567 5957
567 6439
567 7445
567 7964
568 4045
568 4772
568 5711
568 6261
568 6857
568 7065
568 7893
569 4162
569 4949
569 5493
569 6145
569 6681
569 7109
569 7757
570 4095
570 4707
570 5733
570 6331
570 6389
570 7058
570 7541
571 4446
571 5101
571 5442
571 5937
571 6798
571 7243
571 7581
572 4059
572 4885
572 5738
572 5988
572 6387
572 7322
572 7599
573 4226
573 4833
573 5631
573 5984
573 6849
573 7366
573 7760
574 4492
574 5180
574 5289
574 6283
574 6865
574 7424
574 7820
575 4511
575 4770
575 5331
575 5931
575 6397
575 7063
575 7973
576 4590
576 4704
576 5413
576 5877
576 6654
576 7319
576 7848
