3 3 
341 341 
8 8 
1 48
1 518
1 720
1 1103
1 1391
1 1824
1 2289
1 2423
2 86
2 404
2 925
2 1313
2 1508
2 1768
2 2300
2 2671
3 186
3 437
3 828
3 1118
3 1490
3 1731
3 2048
3 2510
4 337
4 343
4 964
4 1286
4 1605
4 2014
4 2279
4 2601
5 181
5 671
5 995
5 1266
5 1372
5 1996
5 2271
5 2586
6 78
6 384
6 957
6 1106
6 1365
6 1820
6 2366
6 2655
7 331
7 505
7 871
7 1314
7 1693
7 1871
7 2228
7 2413
8 295
8 420
8 990
8 1115
8 1644
8 1798
8 2320
8 2430
9 19
9 414
9 1019
9 1161
9 1686
9 2015
9 2047
9 2520
10 94
10 678
10 847
10 1355
10 1506
10 1738
10 2377
10 2547
11 62
11 403
11 776
11 1335
11 1393
11 1857
11 2064
11 2639
12 117
12 676
12 718
12 1291
12 1453
12 1728
12 2078
12 2725
13 35
13 644
13 815
13 1109
13 1539
13 1711
13 2287
13 2498
14 20
14 423
14 819
14 1264
14 1701
14 1828
14 2097
14 2481
15 191
15 610
15 863
15 1359
15 1371
15 1953
15 2181
15 2689
16 10
16 431
16 779
16 1176
16 1573
16 1756
16 2108
16 2416
17 249
17 576
17 867
17 1254
17 1483
17 2018
17 2324
17 2670
18 312
18 546
18 717
18 1348
18 1457
18 1962
18 2282
18 2718
19 277
19 544
19 719
19 1031
19 1402
19 2022
19 2273
19 2404
20 2
20 355
20 772
20 1296
20 1630
20 1771
20 2182
20 2723
21 63
21 407
21 933
21 1026
21 1581
21 1935
21 2144
21 2388
22 112
22 520
22 816
22 1035
22 1553
22 1767
22 2136
22 2528
23 43
23 425
23 947
23 1125
23 1380
23 1784
23 2072
23 2484
24 189
24 561
24 696
24 1142
24 1403
24 1770
24 2252
24 2592
25 72
25 612
25 1023
25 1272
25 1545
25 1894
25 2125
25 2646
26 169
26 374
26 715
26 1116
26 1609
26 1821
26 2204
26 2502
27 163
27 364
27 981
27 1174
27 1526
27 1885
27 2249
27 2428
28 216
28 399
28 889
28 1347
28 1612
28 2028
28 2258
28 2619
29 37
29 388
29 998
29 1166
29 1694
29 1804
29 2191
29 2598
30 288
30 459
30 974
30 1108
30 1521
30 1908
30 2145
30 2603
31 14
31 429
31 821
31 1044
31 1474
31 2011
31 2248
31 2567
32 16
32 649
32 837
32 1150
32 1479
32 1930
32 2050
32 2591
33 259
33 391
33 693
33 1268
33 1649
33 2036
33 2220
33 2611
34 31
34 527
34 870
34 1164
34 1408
34 1814
34 2318
34 2446
35 165
35 442
35 888
35 1058
35 1390
35 1905
35 2164
35 2494
36 159
36 371
36 1002
36 1040
36 1564
36 1719
36 2357
36 2565
37 41
37 602
37 822
37 1110
37 1464
37 1981
37 2260
37 2501
38 52
38 482
38 885
38 1188
38 1405
38 1708
38 2148
38 2393
39 217
39 667
39 723
39 1331
39 1645
39 1838
39 2074
39 2629
40 232
40 372
40 813
40 1182
40 1642
40 2027
40 2117
40 2635
41 161
41 638
41 752
41 1062
41 1652
41 1736
41 2369
41 2606
42 325
42 489
42 782
42 1336
42 1404
42 1795
42 2107
42 2628
43 276
43 630
43 891
43 1217
43 1654
43 1778
43 2160
43 2587
44 224
44 563
44 738
44 1295
44 1670
44 1942
44 2069
44 2593
45 67
45 664
45 751
45 1131
45 1577
45 1869
45 2302
45 2695
46 144
46 585
46 747
46 1310
46 1685
46 1786
46 2382
46 2530
47 271
47 548
47 748
47 1183
47 1431
47 1999
47 2250
47 2659
48 70
48 547
48 967
48 1276
48 1459
48 1800
48 2190
48 2694
49 197
49 581
49 826
49 1326
49 1530
49 1783
49 2299
49 2558
50 246
50 605
50 835
50 1042
50 1414
50 1713
50 2343
50 2706
51 142
51 526
51 721
51 1323
51 1432
51 1987
51 2352
51 2552
52 199
52 342
52 872
52 1364
52 1420
52 1773
52 2239
52 2499
53 226
53 351
53 850
53 1358
53 1518
53 2039
53 2105
53 2574
54 44
54 375
54 760
54 1235
54 1611
54 1995
54 2152
54 2595
55 306
55 445
55 699
55 1036
55 1616
55 1924
55 2242
55 2555
56 106
56 472
56 705
56 1315
56 1482
56 1976
56 2308
56 2620
57 193
57 540
57 807
57 1147
57 1684
57 2038
57 2143
57 2673
58 21
58 584
58 1016
58 1318
58 1629
58 2025
58 2269
58 2568
59 166
59 639
59 955
59 1063
59 1495
59 1750
59 2101
59 2647
60 302
60 666
60 851
60 1360
60 1673
60 1843
60 2175
60 2672
61 283
61 477
61 958
61 1200
61 1466
61 2000
61 2280
61 2699
62 265
62 382
62 1020
62 1196
62 1665
62 1860
62 2346
62 2534
63 152
63 381
63 817
63 1227
63 1522
63 1963
63 2086
63 2717
64 124
64 426
64 956
64 1102
64 1430
64 1895
64 2246
64 2637
65 326
65 525
65 853
65 1111
65 1366
65 1978
65 2067
65 2641
66 245
66 469
66 827
66 1339
66 1417
66 1813
66 2179
66 2532
67 109
67 367
67 1012
67 1100
67 1486
67 1794
67 2323
67 2411
68 17
68 631
68 1009
68 1185
68 1551
68 1937
68 2277
68 2630
69 298
69 366
69 773
69 1139
69 1514
69 2002
69 2257
69 2392
70 68
70 662
70 932
70 1352
70 1571
70 1761
70 2234
70 2688
71 180
71 483
71 1011
71 1230
71 1555
71 1819
71 2281
71 2710
72 28
72 621
72 899
72 1220
72 1683
72 1848
72 2167
72 2664
73 143
73 461
73 734
73 1253
73 1505
73 1836
73 2110
73 2575
74 122
74 502
74 769
74 1046
74 1409
74 1757
74 2060
74 2497
75 50
75 619
75 691
75 1356
75 1485
75 1958
75 2263
75 2616
76 194
76 345
76 928
76 1081
76 1607
76 1950
76 2186
76 2669
77 126
77 522
77 927
77 1246
77 1637
77 1975
77 2211
77 2727
78 4
78 471
78 875
78 1239
78 1513
78 1712
78 2337
78 2704
79 330
79 458
79 915
79 1274
79 1441
79 1808
79 2098
79 2478
80 334
80 673
80 830
80 1180
80 1538
80 1851
80 2288
80 2581
81 183
81 394
81 688
81 1154
81 1478
81 1926
81 2370
81 2496
82 294
82 400
82 988
82 1309
82 1510
82 1737
82 2368
82 2682
83 5
83 507
83 759
83 1247
83 1440
83 1989
83 2121
83 2572
84 304
84 516
84 834
84 1345
84 1653
84 2029
84 2340
84 2563
85 120
85 645
85 886
85 1321
85 1561
85 1904
85 2118
85 2564
86 335
86 468
86 784
86 1122
86 1604
86 1980
86 2274
86 2493
87 234
87 428
87 980
87 1224
87 1687
87 1982
87 2342
87 2644
88 206
88 357
88 798
88 1297
88 1438
88 1956
88 2076
88 2463
89 184
89 553
89 999
89 1155
89 1660
89 1801
89 2290
89 2577
90 220
90 567
90 793
90 1163
90 1524
90 2044
90 2219
90 2654
91 182
91 393
91 1005
91 1225
91 1634
91 2041
91 2100
91 2453
92 74
92 473
92 949
92 1128
92 1543
92 1847
92 2077
92 2584
93 18
93 412
93 944
93 1171
93 1532
93 1934
93 2183
93 2539
94 164
94 611
94 823
94 1240
94 1677
94 2033
94 2356
94 2452
95 9
95 668
95 787
95 1269
95 1400
95 1734
95 2298
95 2447
96 111
96 396
96 966
96 1208
96 1703
96 1841
96 2172
96 2658
97 313
97 622
97 973
97 1079
97 1491
97 1766
97 2254
97 2681
98 273
98 378
98 727
98 1127
98 1691
98 1948
98 2197
98 2633
99 110
99 643
99 722
99 1047
99 1381
99 1785
99 2313
99 2662
100 90
100 625
100 777
100 1061
100 1674
100 1947
100 2210
100 2691
101 338
101 402
101 919
101 1181
101 1469
101 1789
101 2334
101 2536
102 237
102 599
102 962
102 1232
102 1511
102 1746
102 2194
102 2678
103 132
103 410
103 861
103 1172
103 1692
103 1974
103 2170
103 2443
104 239
104 376
104 758
104 1093
104 1395
104 1900
104 2276
104 2675
105 69
105 494
105 874
105 1302
105 1376
105 1994
105 2180
105 2724
106 311
106 606
106 876
106 1038
106 1450
106 1875
106 2065
106 2518
107 190
107 515
107 808
107 1198
107 1617
107 1733
107 2225
107 2466
108 56
108 659
108 922
108 1294
108 1576
108 1729
108 2265
108 2607
109 103
109 582
109 938
109 1213
109 1497
109 2012
109 2375
109 2389
110 201
110 629
110 689
110 1189
110 1567
110 1939
110 2102
110 2562
111 42
111 680
111 770
111 1256
111 1531
111 2042
111 2338
111 2490
112 97
112 587
112 994
112 1288
112 1584
112 1754
112 2301
112 2445
113 322
113 349
113 908
113 1236
113 1648
113 1852
113 2326
113 2414
114 254
114 590
114 913
114 1175
114 1462
114 2024
114 2073
114 2403
115 339
115 416
115 903
115 1087
115 1680
115 1730
115 2232
115 2419
116 318
116 572
116 714
116 1113
116 1415
116 1780
116 2259
116 2426
117 198
117 531
117 725
117 1262
117 1399
117 1722
117 2303
117 2621
118 242
118 616
118 844
118 1137
118 1471
118 1726
118 2095
118 2657
119 251
119 451
119 809
119 1032
119 1503
119 2035
119 2244
119 2618
120 135
120 565
120 1008
120 1243
120 1647
120 1803
120 2114
120 2425
121 328
121 594
121 879
121 1107
121 1560
121 1912
121 2052
121 2660
122 215
122 379
122 803
122 1211
122 1638
122 1829
122 2176
122 2456
123 137
123 443
123 710
123 1162
123 1690
123 1922
123 2306
123 2579
124 133
124 350
124 934
124 1186
124 1369
124 1966
124 2270
124 2559
125 236
125 401
125 986
125 1229
125 1427
125 1817
125 2201
125 2507
126 96
126 641
126 953
126 1157
126 1423
126 1818
126 2311
126 2561
127 228
127 615
127 978
127 1165
127 1412
127 1873
127 2123
127 2505
128 324
128 626
128 687
128 1219
128 1574
128 1823
128 2221
128 2418
129 229
129 517
129 736
129 1363
129 1484
129 1853
129 2286
129 2709
130 327
130 413
130 894
130 1317
130 1621
130 1856
130 2275
130 2569
131 252
131 495
131 1018
131 1043
131 1536
131 1969
131 2235
131 2615
132 243
132 650
132 695
132 1289
132 1606
132 1906
132 2193
132 2661
133 115
133 501
133 884
133 1333
133 1493
133 1967
133 2053
133 2409
134 139
134 397
134 977
134 1133
134 1382
134 1914
134 2226
134 2486
135 167
135 598
135 939
135 1283
135 1597
135 1834
135 2093
135 2652
136 128
136 554
136 765
136 1153
136 1676
136 1832
136 2327
136 2722
137 99
137 574
137 954
137 1325
137 1473
137 1753
137 2365
137 2483
138 168
138 545
138 892
138 1120
138 1419
138 2004
138 2085
138 2531
139 290
139 597
139 864
139 1257
139 1610
139 1793
139 2339
139 2602
140 118
140 353
140 918
140 1029
140 1663
140 1725
140 2207
140 2548
141 157
141 369
141 976
141 1199
141 1401
141 2021
141 2218
141 2517
142 47
142 536
142 762
142 1123
142 1593
142 1973
142 2261
142 2474
143 221
143 560
143 959
143 1223
143 1437
143 1943
143 2315
143 2417
144 123
144 467
144 740
144 1129
144 1444
144 1846
144 2149
144 2609
145 209
145 484
145 856
145 1195
145 1501
145 1883
145 2255
145 2526
146 91
146 583
146 868
146 1245
146 1659
146 1845
146 2328
146 2524
147 188
147 406
147 800
147 1119
147 1550
147 1812
147 2284
147 2697
148 303
148 557
148 846
148 1354
148 1487
148 1760
148 2264
148 2472
149 147
149 523
149 951
149 1094
149 1460
149 1992
149 2128
149 2546
150 297
150 395
150 920
150 1057
150 1373
150 1850
150 2262
150 2625
151 87
151 465
151 757
151 1069
151 1448
151 1763
151 2080
151 2439
152 148
152 613
152 911
152 1277
152 1704
152 1911
152 2305
152 2400
153 121
153 511
153 763
153 1068
153 1602
153 2045
153 2124
153 2580
154 89
154 595
154 790
154 1361
154 1442
154 2032
154 2325
154 2665
155 174
155 387
155 713
155 1231
155 1458
155 1715
155 2137
155 2487
156 341
156 370
156 1017
156 1140
156 1386
156 2001
156 2088
156 2455
157 309
157 634
157 987
157 1049
157 1590
157 1986
157 2227
157 2557
158 235
158 550
158 795
158 1202
158 1699
158 1816
158 2237
158 2676
159 261
159 592
159 1004
159 1290
159 1635
159 1921
159 2091
159 2716
160 65
160 485
160 1007
160 1338
160 1416
160 2031
160 2151
160 2596
161 187
161 444
161 731
161 1251
161 1697
161 1718
161 2386
161 2448
162 305
162 500
162 729
162 1099
162 1628
162 1917
162 2330
162 2551
163 284
163 422
163 901
163 1212
163 1396
163 2030
163 2304
163 2442
164 38
164 637
164 735
164 1334
164 1696
164 1840
164 2057
164 2480
165 286
165 360
165 971
165 1215
165 1664
165 1788
165 2185
165 2515
166 203
166 392
166 733
166 1305
166 1439
166 1742
166 2387
166 2482
167 293
167 568
167 890
167 1060
167 1456
167 1874
167 2187
167 2663
168 208
168 593
168 811
168 1065
168 1388
168 1941
168 2177
168 2667
169 39
169 365
169 794
169 1244
169 1558
169 1928
169 2200
169 2391
170 287
170 479
170 832
170 1121
170 1424
170 1872
170 2209
170 2485
171 227
171 640
171 810
171 1203
171 1520
171 1896
171 2267
171 2469
172 207
172 434
172 1022
172 1327
172 1549
172 1755
172 2071
172 2431
173 240
173 464
173 968
173 1324
173 1470
173 2013
173 2322
173 2433
174 223
174 348
174 825
174 1284
174 1534
174 1899
174 2380
174 2450
175 13
175 347
175 860
175 1328
175 1623
175 1955
175 2359
175 2693
176 275
176 651
176 857
176 1351
176 1422
176 1901
176 2319
176 2612
177 80
177 480
177 746
177 1052
177 1627
177 1985
177 2336
177 2415
178 170
178 570
178 709
178 1285
178 1433
178 1932
178 2084
178 2651
179 296
179 361
179 805
179 1298
179 1411
179 1743
179 2062
179 2519
180 244
180 647
180 993
180 1149
180 1387
180 2017
180 2321
180 2516
181 308
181 609
181 694
181 1270
181 1586
181 1727
181 2075
181 2687
182 108
182 577
182 781
182 1233
182 1451
182 1940
182 2331
182 2527
183 155
183 681
183 963
183 1066
183 1512
183 1837
183 2138
183 2436
184 149
184 535
184 814
184 1205
184 1394
184 2023
184 2089
184 2429
185 125
185 573
185 943
185 1130
185 1523
185 1744
185 2111
185 2477
186 292
186 551
186 904
186 1067
186 1507
186 1862
186 2161
186 2626
187 136
187 508
187 700
187 1159
187 1579
187 1884
187 2051
187 2701
188 64
188 476
188 905
188 1054
188 1525
188 1927
188 2374
188 2719
189 95
189 380
189 771
189 1097
189 1496
189 1945
189 2153
189 2504
190 332
190 363
190 900
190 1059
190 1528
190 1867
190 2310
190 2638
191 253
191 487
191 961
191 1138
191 1657
191 1916
191 2203
191 2542
192 258
192 654
192 806
192 1168
192 1640
192 1797
192 2173
192 2454
193 11
193 579
193 838
193 1024
193 1435
193 1782
193 2092
193 2470
194 323
194 352
194 858
194 1080
194 1467
194 1988
194 2296
194 2589
195 131
195 661
195 912
195 1075
195 1472
195 1876
195 2372
195 2533
196 205
196 543
196 820
196 1101
196 1658
196 1888
196 2116
196 2608
197 58
197 617
197 923
197 1278
197 1547
197 1772
197 2198
197 2696
198 272
198 657
198 845
198 1084
198 1410
198 1998
198 2157
198 2529
199 185
199 660
199 940
199 1238
199 1537
199 1965
199 2240
199 2537
200 130
200 427
200 984
200 1030
200 1646
200 1720
200 2168
200 2462
201 154
201 532
201 703
201 1028
201 1465
201 1977
201 2154
201 2588
202 151
202 408
202 896
202 1051
202 1569
202 1909
202 2130
202 2538
203 114
203 457
203 916
203 1279
203 1447
203 1724
203 2224
203 2467
204 213
204 541
204 841
204 1263
204 1580
204 1709
204 2140
204 2435
205 60
205 475
205 877
205 1346
205 1679
205 1929
205 2316
205 2726
206 40
206 462
206 897
206 1167
206 1446
206 1881
206 2104
206 2666
207 233
207 636
207 780
207 1267
207 1600
207 1887
207 2155
207 2514
208 300
208 503
208 707
208 1083
208 1392
208 2010
208 2156
208 2636
209 274
209 436
209 936
209 1034
209 1379
209 1891
209 2132
209 2457
210 59
210 478
210 937
210 1056
210 1500
210 1923
210 2082
210 2554
211 285
211 373
211 895
211 1190
211 1397
211 1897
211 2120
211 2471
212 280
212 435
212 774
212 1210
212 1425
212 1787
212 2307
212 2438
213 315
213 632
213 1021
213 1192
213 1499
213 1749
213 2189
213 2708
214 81
214 405
214 728
214 1045
214 1595
214 2046
214 2351
214 2583
215 153
215 580
215 833
215 1275
215 1477
215 1791
215 2272
215 2522
216 100
216 415
216 792
216 1089
216 1601
216 1748
216 2379
216 2594
217 61
217 571
217 929
217 1252
217 1498
217 1732
217 2113
217 2648
218 57
218 389
218 706
218 1221
218 1668
218 1716
218 2079
218 2523
219 173
219 670
219 698
219 1308
219 1375
219 1971
219 2238
219 2503
220 299
220 419
220 902
220 1073
220 1625
220 1759
220 2147
220 2458
221 33
221 542
221 839
221 1342
221 1702
221 1805
221 2341
221 2512
222 195
222 346
222 881
222 1261
222 1554
222 1747
222 2099
222 2582
223 267
223 456
223 753
223 1242
223 1541
223 1970
223 2188
223 2566
224 127
224 499
224 802
224 1088
224 1666
224 1827
224 2141
224 2599
225 238
225 600
225 711
225 1098
225 1367
225 1822
225 2371
225 2544
226 162
226 377
226 741
226 1193
226 1662
226 1946
226 2206
226 2690
227 250
227 669
227 755
227 1234
227 1413
227 1792
227 2056
227 2605
228 75
228 354
228 824
228 1077
228 1443
228 1944
228 2217
228 2492
229 257
229 433
229 1013
229 1214
229 1476
229 1925
229 2215
229 2421
230 34
230 470
230 887
230 1135
230 1568
230 1915
230 2213
230 2475
231 307
231 603
231 783
231 1280
231 1566
231 1839
231 2094
231 2424
232 140
232 463
232 797
232 1362
232 1589
232 1892
232 2163
232 2479
233 134
233 665
233 855
233 1053
233 1548
233 1751
233 2135
233 2643
234 66
234 558
234 756
234 1156
234 1407
234 1776
234 2229
234 2549
235 15
235 534
235 996
235 1145
235 1468
235 1913
235 2333
235 2631
236 138
236 497
236 970
236 1105
236 1588
236 1830
236 2127
236 2613
237 329
237 409
237 952
237 1228
237 1582
237 1964
237 2251
237 2402
238 25
238 529
238 926
238 1204
238 1527
238 1740
238 2166
238 2720
239 202
239 652
239 745
239 1117
239 1374
239 1889
239 2283
239 2397
240 175
240 512
240 1014
240 1319
240 1622
240 1918
240 2061
240 2521
241 218
241 491
241 701
241 1271
241 1599
241 1902
241 2109
241 2700
242 79
242 492
242 786
242 1151
242 1591
242 1859
242 2142
242 2465
243 150
243 441
243 862
243 1104
243 1546
243 1951
243 2241
243 2508
244 93
244 555
244 910
244 1074
244 1449
244 1790
244 2253
244 2399
245 270
245 390
245 909
245 1184
245 1643
245 1991
245 2146
245 2707
246 92
246 359
246 704
246 1249
246 1570
246 1920
246 2119
246 2550
247 83
247 454
247 829
247 1337
247 1502
247 1707
247 2058
247 2668
248 84
248 633
248 767
248 1330
248 1596
248 1706
248 2083
248 2712
249 46
249 589
249 749
249 1241
249 1428
249 1710
249 2199
249 2622
250 247
250 562
250 744
250 1209
250 1632
250 2019
250 2285
250 2432
251 88
251 623
251 804
251 1070
251 1661
251 1933
251 2363
251 2571
252 212
252 601
252 950
252 1112
252 1583
252 1972
252 2126
252 2632
253 76
253 411
253 796
253 1134
253 1368
253 1809
253 2159
253 2545
254 145
254 614
254 708
254 1248
254 1641
254 1952
254 2103
254 2642
255 119
255 607
255 836
255 1282
255 1540
255 1984
255 2068
255 2702
256 321
256 618
256 842
256 1025
256 1452
256 1799
256 2171
256 2500
257 71
257 496
257 801
257 1178
257 1489
257 2037
257 2294
257 2679
258 146
258 438
258 869
258 1307
258 1575
258 2007
258 2348
258 2570
259 336
259 506
259 969
259 1177
259 1492
259 1849
259 2361
259 2715
260 340
260 674
260 945
260 1329
260 1542
260 2003
260 2247
260 2451
261 282
261 682
261 785
261 1357
261 1603
261 1765
261 2184
261 2488
262 266
262 383
262 848
262 1197
262 1671
262 1882
262 2345
262 2511
263 82
263 386
263 788
263 1287
263 1556
263 1919
263 2291
263 2600
264 333
264 620
264 712
264 1085
264 1563
264 1903
264 2335
264 2434
265 8
265 596
265 1015
265 1300
265 1535
265 2026
265 2349
265 2650
266 1
266 510
266 1006
266 1299
266 1516
266 1936
266 2360
266 2640
267 262
267 537
267 843
267 1303
267 1384
267 1863
267 2312
267 2495
268 230
268 498
268 906
268 1090
268 1624
268 1854
268 2314
268 2573
269 279
269 648
269 775
269 1169
269 1682
269 1815
269 2358
269 2390
270 45
270 679
270 975
270 1311
270 1389
270 1762
270 2376
270 2464
271 24
271 656
271 761
271 1141
271 1454
271 1957
271 2096
271 2597
272 176
272 663
272 983
272 1353
272 1445
272 1961
272 2081
272 2614
273 219
273 449
273 921
273 1206
273 1572
273 1931
273 2362
273 2461
274 222
274 417
274 716
274 1216
274 1418
274 1861
274 2131
274 2491
275 104
275 481
275 1001
275 1170
275 1383
275 1842
275 2162
275 2460
276 179
276 604
276 737
276 1306
276 1587
276 1777
276 2383
276 2649
277 316
277 556
277 692
277 1072
277 1533
277 1802
277 2384
277 2412
278 85
278 490
278 948
278 1041
278 1675
278 1855
278 2236
278 2543
279 27
279 439
279 873
279 1201
279 1695
279 1865
279 2354
279 2509
280 317
280 521
280 997
280 1255
280 1429
280 1910
280 2212
280 2473
281 260
281 627
281 907
281 1332
281 1421
281 1960
281 2134
281 2405
282 22
282 493
282 883
282 1124
282 1509
282 1714
282 2150
282 2698
283 116
283 450
283 898
283 1092
283 1378
283 1890
283 2106
283 2408
284 289
284 524
284 1010
284 1194
284 1672
284 1870
284 2208
284 2398
285 211
285 533
285 743
285 1095
285 1636
285 2020
285 2243
285 2459
286 177
286 646
286 960
286 1350
286 1700
286 1954
286 2063
286 2645
287 310
287 608
287 880
287 1055
287 1559
287 1807
287 2385
287 2395
288 32
288 474
288 724
288 1349
288 1592
288 1723
288 2139
288 2604
289 102
289 653
289 730
289 1071
289 1426
289 1968
289 2245
289 2623
290 172
290 488
290 941
290 1136
290 1455
290 1959
290 2278
290 2441
291 319
291 559
291 766
291 1143
291 1385
291 1898
291 2158
291 2713
292 291
292 539
292 684
292 1258
292 1615
292 2009
292 2268
292 2560
293 73
293 588
293 818
293 1281
293 1504
293 1741
293 2174
293 2541
294 6
294 448
294 878
294 1160
294 1461
294 1752
294 2195
294 2677
295 268
295 513
295 789
295 1344
295 1655
295 1858
295 2214
295 2406
296 264
296 447
296 726
296 1146
296 1633
296 2006
296 2178
296 2711
297 256
297 624
297 931
297 1316
297 1614
297 2008
297 2373
297 2578
298 55
298 658
298 742
298 1126
298 1678
298 1886
298 2233
298 2476
299 192
299 552
299 893
299 1304
299 1626
299 1826
299 2122
299 2401
300 160
300 452
300 917
300 1082
300 1619
300 1796
300 2059
300 2540
301 320
301 642
301 989
301 1293
301 1688
301 1877
301 2231
301 2407
302 3
302 453
302 778
302 1312
302 1689
302 1717
302 2292
302 2449
303 129
303 549
303 702
303 1320
303 1370
303 2005
303 2049
303 2653
304 156
304 460
304 686
304 1191
304 1669
304 1775
304 2347
304 2410
305 196
305 344
305 831
305 1237
305 1562
305 1781
305 2090
305 2684
306 54
306 432
306 1000
306 1187
306 1631
306 2043
306 2169
306 2556
307 255
307 504
307 930
307 1273
307 1480
307 1990
307 2381
307 2394
308 225
308 356
308 812
308 1091
308 1494
308 1721
308 2266
308 2437
309 269
309 591
309 764
309 1039
309 1544
309 1806
309 2332
309 2396
310 214
310 446
310 982
310 1322
310 1436
310 1949
310 2256
310 2444
311 12
311 362
311 754
311 1114
311 1656
311 1866
311 2129
311 2656
312 29
312 519
312 946
312 1078
312 1613
312 1825
312 2309
312 2686
313 105
313 528
313 768
313 1292
313 1608
313 1844
313 2297
313 2489
314 231
314 509
314 942
314 1064
314 1594
314 1739
314 2378
314 2506
315 171
315 530
315 750
315 1173
315 1565
315 1810
315 2353
315 2427
316 7
316 398
316 852
316 1033
316 1529
316 1735
316 2329
316 2420
317 263
317 430
317 882
317 1148
317 1639
317 2040
317 2070
317 2590
318 200
318 385
318 992
318 1301
318 1557
318 1893
318 2317
318 2692
319 26
319 578
319 924
319 1037
319 1585
319 1938
319 2350
319 2553
320 113
320 566
320 859
320 1218
320 1488
320 1868
320 2115
320 2610
321 101
321 538
321 697
321 1226
321 1667
321 1758
321 2367
321 2674
322 51
322 628
322 991
322 1096
322 1463
322 1907
322 2205
322 2627
323 77
323 358
323 866
323 1158
323 1578
323 1774
323 2364
323 2440
324 49
324 424
324 972
324 1086
324 1406
324 1835
324 2222
324 2422
325 30
325 655
325 935
325 1144
325 1620
325 1979
325 2223
325 2624
326 36
326 486
326 854
326 1260
326 1377
326 1779
326 2295
326 2576
327 278
327 586
327 914
327 1259
327 1681
327 1864
327 2293
327 2617
328 204
328 569
328 865
328 1152
328 1481
328 2016
328 2087
328 2683
329 158
329 635
329 840
329 1027
329 1552
329 1745
329 2192
329 2705
330 53
330 418
330 799
330 1050
330 1517
330 1831
330 2202
330 2468
331 241
331 575
331 683
331 1265
331 1515
331 1997
331 2196
331 2525
332 141
332 672
332 791
332 1048
332 1519
332 1880
332 2355
332 2513
333 248
333 675
333 979
333 1179
333 1618
333 1833
333 2133
333 2714
334 107
334 455
334 849
334 1222
334 1650
334 1993
334 2230
334 2703
335 98
335 677
335 739
335 1343
335 1434
335 1878
335 2344
335 2634
336 281
336 564
336 1003
336 1340
336 1705
336 2034
336 2055
336 2685
337 178
337 368
337 690
337 1250
337 1698
337 1983
337 2216
337 2728
338 210
338 514
338 985
338 1076
338 1398
338 1879
338 2165
338 2721
339 314
339 440
339 732
339 1341
339 1651
339 1811
339 2054
339 2585
340 301
340 421
340 685
340 1132
340 1598
340 1764
340 2066
340 2680
341 23
341 466
341 965
341 1207
341 1475
341 1769
341 2112
341 2535
1 2793
1 3351
1 3611
1 3965
1 4286
1 4442
1 4988
1 5318
2 2744
2 3135
2 3536
2 4008
2 4263
2 4574
2 4894
2 5310
3 2734
3 3100
3 3506
3 4001
3 4275
3 4655
3 4947
3 5311
4 2794
4 3106
4 3715
4 3817
4 4410
4 4647
4 4777
4 5317
5 2983
5 3323
5 3669
5 3801
5 4380
5 4600
5 4845
5 5430
6 3048
6 3199
6 3428
6 4007
6 4268
6 4524
6 4964
6 5133
7 2979
7 3214
7 3641
7 3834
7 4179
7 4665
7 4991
7 5332
8 2880
8 3220
8 3695
8 3883
8 4183
8 4705
8 4802
8 5323
9 2902
9 3080
9 3474
9 4047
9 4225
9 4711
9 4836
9 5452
10 2835
10 3268
10 3524
10 3784
10 4105
10 4758
10 5032
10 5389
11 3027
11 3149
11 3693
11 4002
11 4416
11 4709
11 4911
11 5148
12 3028
12 3177
12 3476
12 3936
12 4229
12 4653
12 4931
12 5140
13 2807
13 3287
13 3625
13 3859
13 4154
13 4593
13 4939
13 5233
14 2891
14 3361
14 3473
14 3934
14 4187
14 4774
14 5007
14 5424
15 2900
15 3348
15 3587
15 3777
15 4336
15 4591
15 5013
15 5327
16 2837
16 3089
16 3596
16 3860
16 4389
16 4651
16 5110
16 5245
17 2889
17 3193
17 3675
17 3958
17 4215
17 4698
17 5100
17 5338
18 2882
18 3190
18 3521
18 3765
18 4153
18 4594
18 4960
18 5370
19 3058
19 3128
19 3617
19 3925
19 4191
19 4495
19 5015
19 5368
20 2966
20 3290
20 3440
20 3944
20 4212
20 4452
20 4938
20 5414
21 2795
21 3242
21 3747
21 4005
21 4301
21 4473
21 4813
21 5132
22 3020
22 3353
22 3562
22 3849
22 4266
22 4677
22 4893
22 5406
23 2931
23 3160
23 3472
23 3816
23 4144
23 4598
23 5050
23 5290
24 3040
24 3410
24 3542
24 3900
24 4394
24 4455
24 4948
24 5299
25 2831
25 3313
25 3634
25 4063
25 4210
25 4478
25 4859
25 5388
26 2921
26 3246
26 3751
26 3912
26 4208
26 4660
26 5080
26 5325
27 3023
27 3371
27 3580
27 3954
27 4232
27 4606
27 4816
27 5260
28 3004
28 3293
28 3552
28 3966
28 4323
28 4503
28 5001
28 5300
29 2792
29 3320
29 3738
29 3921
29 4214
29 4448
29 4959
29 5280
30 2877
30 3337
30 3571
30 3755
30 4379
30 4692
30 5072
30 5422
31 2945
31 3324
31 3558
31 4062
31 4109
31 4444
31 4976
31 5393
32 2784
32 3124
32 3505
32 4057
32 4098
32 4699
32 4993
32 5446
33 3050
33 3334
33 3567
33 3926
33 4250
33 4693
33 4826
33 5360
34 2757
34 3201
34 3723
34 3889
34 4308
34 4703
34 4950
34 5123
35 2970
35 3269
35 3535
35 3919
35 4299
35 4654
35 4821
35 5449
36 2896
36 3108
36 3529
36 4060
36 4386
36 4522
36 4977
36 5157
37 2938
37 3217
37 3713
37 4051
37 4304
37 4730
37 4808
37 5324
38 3061
38 3079
38 3685
38 3897
38 4347
38 4673
38 4837
38 5330
39 2743
39 3399
39 3568
39 3798
39 4405
39 4538
39 5112
39 5354
40 2814
40 3098
40 3470
40 4050
40 4281
40 4724
40 5114
40 5122
41 2939
41 3237
41 3733
41 3961
41 4202
41 4648
41 4790
41 5270
42 2817
42 3142
42 3604
42 3984
42 4344
42 4690
42 4842
42 5374
43 2915
43 3297
43 3606
43 3867
43 4331
43 4500
43 5077
43 5347
44 3034
44 3200
44 3546
44 3800
44 4114
44 4646
44 4780
44 5204
45 2778
45 3206
45 3610
45 4018
45 4125
45 4608
45 4973
45 5116
46 3068
46 3118
46 3620
46 3985
46 4276
46 4471
46 4855
46 5137
47 2978
47 3120
47 3717
47 3872
47 4254
47 4453
47 4784
47 5353
48 2971
48 3385
48 3547
48 3987
48 4354
48 4694
48 4800
48 5334
49 2947
49 3112
49 3554
49 3938
49 4235
49 4619
49 4980
49 5309
50 2808
50 3153
50 3599
50 4067
50 4255
50 4550
50 5105
50 5456
51 2773
51 3155
51 3459
51 3895
51 4152
51 4450
51 4916
51 5180
52 2823
52 3099
52 3696
52 3815
52 4408
52 4605
52 5000
52 5249
53 2816
53 3241
53 3748
53 3915
53 4348
53 4589
53 5041
53 5319
54 2804
54 3263
54 3600
54 3943
54 4136
54 4528
54 5053
54 5455
55 2822
55 3307
55 3497
55 3864
55 4430
55 4467
55 4798
55 5402
56 3006
56 3102
56 3601
56 3997
56 4384
56 4666
56 5101
56 5226
57 3019
57 3335
57 3642
57 3814
57 4209
57 4539
57 4946
57 5264
58 2811
58 3331
58 3510
58 4053
58 4279
58 4725
58 4969
58 5282
59 2781
59 3196
59 3734
59 3845
59 4175
59 4624
59 4994
59 5244
60 3005
60 3281
60 3619
60 3831
60 4157
60 4627
60 5028
60 5243
61 3064
61 3187
61 3449
61 3829
61 4363
61 4489
61 5094
61 5292
62 2968
62 3322
62 3452
62 4081
62 4116
62 4768
62 4918
62 5386
63 2990
63 3380
63 3417
63 3825
63 4401
63 4506
63 4990
63 5333
64 2856
64 3182
64 3478
64 4042
64 4097
64 4679
64 4791
64 5359
65 2800
65 3168
65 3683
65 3846
65 4305
65 4569
65 4890
65 5421
66 3038
66 3180
66 3525
66 4009
66 4271
66 4477
66 4895
66 5152
67 2933
67 3223
67 3704
67 3774
67 4316
67 4640
67 4834
67 5230
68 3017
68 3163
68 3673
68 3896
68 4260
68 4475
68 4781
68 5175
69 2934
69 3240
69 3595
69 3982
69 4393
69 4626
69 4796
69 5159
70 2955
70 3274
70 3716
70 3820
70 4233
70 4492
70 4789
70 5281
71 3001
71 3369
71 3416
71 4048
71 4270
71 4536
71 5024
71 5442
72 3000
72 3333
72 3661
72 4021
72 4189
72 4474
72 4824
72 5335
73 2790
73 3158
73 3586
73 4013
73 4100
73 4486
73 5026
73 5289
74 2840
74 3372
74 3662
74 3986
74 4339
74 4562
74 4775
74 5439
75 2789
75 3276
75 3507
75 3803
75 4345
75 4741
75 5022
75 5286
76 3014
76 3279
76 3509
76 3879
76 4236
76 4639
76 4822
76 5269
77 3035
77 3384
77 3697
77 3852
77 4315
77 4620
77 4914
77 5266
78 2741
78 3382
78 3526
78 3972
78 4182
78 4568
78 4945
78 5174
79 2755
79 3090
79 3573
79 4006
79 4429
79 4513
79 4795
79 5384
80 2864
80 3402
80 3653
80 4088
80 4108
80 4519
80 4955
80 5185
81 3008
81 3132
81 3745
81 4035
81 4103
81 4707
81 4915
81 5361
82 2809
82 3373
82 3651
82 3822
82 4399
82 4726
82 4858
82 5410
83 2777
83 3308
83 3500
83 3907
83 4289
83 4596
83 4974
83 5213
84 2954
84 3408
84 3495
84 3989
84 4390
84 4438
84 5040
84 5229
85 2935
85 3229
85 3414
85 3960
85 4164
85 4745
85 4864
85 5372
86 2832
86 3381
86 3635
86 3871
86 4313
86 4613
86 4971
86 5257
87 2941
87 3280
87 3423
87 3957
87 4284
87 4668
87 5043
87 5415
88 2913
88 3260
88 3732
88 3757
88 4264
88 4669
88 4819
88 5283
89 2908
89 3245
89 3702
89 3971
89 4119
89 4628
89 4801
89 5341
90 3063
90 3095
90 3741
90 3804
90 4204
90 4507
90 5107
90 5254
91 2984
91 3358
91 3523
91 3760
91 4287
91 4464
91 4848
91 5259
92 2806
92 3126
92 3663
92 3891
92 4352
92 4484
92 4803
92 5128
93 2750
93 3110
93 3659
93 3887
93 4111
93 4688
93 4857
93 5252
94 2761
94 3192
94 3435
94 4080
94 4113
94 4456
94 4873
94 5296
95 2944
95 3364
95 3574
95 3781
95 4099
95 4517
95 4832
95 5451
96 2975
96 3195
96 3660
96 4061
96 4426
96 4663
96 4903
96 5237
97 3060
97 3189
97 3655
97 3913
97 4094
97 4496
97 5076
97 5210
98 2765
98 3339
98 3598
98 4038
98 4373
98 4440
98 4815
98 5379
99 2997
99 3166
99 3488
99 3909
99 4364
99 4512
99 4897
99 5149
100 3055
100 3211
100 3502
100 3837
100 4421
100 4454
100 4925
100 5219
101 2884
101 3210
101 3477
101 3795
101 4239
101 4759
101 4999
101 5247
102 3054
102 3398
102 3559
102 3878
102 4185
102 4604
102 5033
102 5316
103 2855
103 3172
103 3490
103 3756
103 4156
103 4588
103 4806
103 5163
104 2986
104 3071
104 3746
104 4085
104 4130
104 4468
104 5027
104 5337
105 3036
105 3221
105 3709
105 3911
105 4238
105 4470
105 5113
105 5303
106 2827
106 3137
106 3740
106 3787
106 4162
106 4576
106 5115
106 5405
107 2869
107 3077
107 3688
107 3797
107 4227
107 4457
107 4883
107 5331
108 2928
108 3086
108 3563
108 4068
108 4148
108 4715
108 5059
108 5179
109 2960
109 3286
109 3676
109 3885
109 4418
109 4671
109 4930
109 5380
110 2783
110 3207
110 3701
110 3946
110 4318
110 4763
110 4847
110 5426
111 2859
111 3154
111 3638
111 3955
111 4129
111 4614
111 5042
111 5191
112 2769
112 3397
112 3692
112 3893
112 4138
112 4556
112 4992
112 5340
113 2747
113 3107
113 3462
113 3881
113 4330
113 4514
113 4852
113 5144
114 2917
114 3332
114 3711
114 4079
114 4102
114 4564
114 5017
114 5120
115 2927
115 3342
115 3528
115 4075
115 4302
115 4770
115 5078
115 5320
116 3046
116 3253
116 3537
116 3783
116 4224
116 4476
116 4788
116 5202
117 2730
117 3141
117 3583
117 4029
117 4245
117 4607
117 5086
117 5129
118 2989
118 3404
118 3742
118 3924
118 4378
118 4723
118 4812
118 5146
119 2746
119 3345
119 3656
119 3993
119 4166
119 4527
119 4892
119 5223
120 2754
120 3394
120 3750
120 3951
120 4334
120 4623
120 4877
120 5267
121 2926
121 3336
121 3577
121 3823
121 4117
121 4713
121 4953
121 5227
122 2801
122 3314
122 3427
122 3853
122 4197
122 4748
122 5018
122 5436
123 2905
123 3105
123 3658
123 3875
123 4196
123 4487
123 4856
123 5119
124 2779
124 3315
124 3616
124 3761
124 4367
124 4516
124 4926
124 5362
125 3015
125 3138
125 3721
125 3908
125 4392
125 4587
125 5063
125 5153
126 2838
126 3257
126 3667
126 3799
126 4372
126 4634
126 5035
126 5304
127 3011
127 3319
127 3514
127 3772
127 4151
127 4631
127 4944
127 5278
128 3037
128 3328
128 3464
128 3983
128 4413
128 4659
128 4922
128 5173
129 2885
129 3310
129 3434
129 3771
129 4288
129 4721
129 4929
129 5126
130 2774
130 3370
130 3706
130 3791
130 4178
130 4645
130 4966
130 5124
131 2964
131 3121
131 3622
131 3978
131 4251
131 4751
131 4885
131 5312
132 2762
132 3185
132 3466
132 3950
132 4147
132 4505
132 4904
132 5248
133 2812
133 3156
133 3608
133 4031
133 4356
133 4558
133 4831
133 5272
134 2887
134 3234
134 3737
134 4082
134 4395
134 4618
134 5010
134 5293
135 2813
135 3407
135 3630
135 4083
135 4359
135 4695
135 5111
135 5413
136 2738
136 3338
136 3730
136 3844
136 4343
136 4579
136 4951
136 5308
137 2911
137 3256
137 3419
137 3836
137 4407
137 4540
137 4785
137 5150
138 2775
138 3123
138 3551
138 3841
138 4306
138 4689
138 4797
138 5190
139 2759
139 3252
139 3541
139 4059
139 4358
139 4685
139 5081
139 5199
140 2919
140 3109
140 3749
140 3780
140 4381
140 4549
140 4887
140 5349
141 2787
141 3176
141 3443
141 3902
141 4292
141 4701
141 5031
141 5343
142 2825
142 3205
142 3482
142 3785
142 4324
142 4747
142 4875
142 5385
143 3021
143 3347
143 3708
143 4034
143 4220
143 4672
143 4838
143 5381
144 2874
144 3224
144 3456
144 3794
144 4240
144 4499
144 4854
144 5307
145 2846
145 3148
145 3492
145 3754
145 4361
145 4545
145 4958
145 5168
146 2868
146 3295
146 3504
146 4069
146 4134
146 4509
146 4868
146 5160
147 2867
147 3249
147 3445
147 3763
147 4112
147 4577
147 4923
147 5222
148 2844
148 3094
148 3643
148 3779
148 4231
148 4772
148 5008
148 5220
149 2766
149 3161
149 3649
149 3807
149 4126
149 4633
149 4833
149 5376
150 2952
150 3117
150 3412
150 3903
150 4296
150 4746
150 4776
150 5193
151 2798
151 3250
151 3485
151 4015
151 4241
151 4762
151 4879
151 5383
152 2949
152 3231
152 3691
152 3789
152 4137
152 4744
152 5092
152 5420
153 3010
153 3262
153 3499
153 4055
153 4199
153 4754
153 4827
153 5391
154 2988
154 3212
154 3712
154 3830
154 4221
154 4612
154 5061
154 5294
155 2753
155 3208
155 3618
155 4016
155 4396
155 4493
155 5089
155 5155
156 2923
156 3216
156 3668
156 3793
156 4186
156 4534
156 5065
156 5429
157 2918
157 3301
157 3420
157 3869
157 4325
157 4719
157 4919
157 5314
158 2916
158 3299
158 3489
158 4049
158 4355
158 4521
158 5045
158 5285
159 3012
159 3127
159 3411
159 4017
159 4431
159 4716
159 4853
159 5250
160 3059
160 3367
160 3501
160 3811
160 4317
160 4523
160 4794
160 5261
161 2924
161 3131
161 3703
161 3929
161 4101
161 4449
161 4900
161 5177
162 2824
162 3179
162 3532
162 3812
162 4188
162 4676
162 4823
162 5371
163 2818
163 3298
163 3735
163 4071
163 4309
163 4731
163 5064
163 5161
164 2981
164 3300
164 3438
164 3910
164 4269
164 4525
164 5091
164 5404
165 2999
165 3183
165 3679
165 4032
165 4371
165 4657
165 4809
165 5251
166 2932
166 3074
166 3527
166 3759
166 4404
166 4735
166 4934
166 5306
167 2756
167 3228
167 3469
167 3873
167 4422
167 4601
167 5058
167 5242
168 2791
168 3378
168 3707
168 3953
168 4248
168 4582
168 4949
168 5352
169 2731
169 3349
169 3592
169 3788
169 4262
169 4667
169 4811
169 5139
170 3043
170 3213
170 3613
170 3769
170 4161
170 4437
170 4979
170 5216
171 2841
171 3282
171 3451
171 3941
171 4160
171 4585
171 4995
171 5297
172 2821
172 3197
172 3570
172 3937
172 4342
172 4733
172 5087
172 5412
173 2909
173 3232
173 3700
173 4014
173 4283
173 4729
173 5029
173 5401
174 2826
174 3116
174 3424
174 3979
174 4369
174 4567
174 4902
174 5339
175 2780
175 3125
175 3572
175 4073
175 4350
175 4462
175 5034
175 5369
176 3041
176 3145
176 3565
176 3933
176 4293
176 4718
176 5047
176 5265
177 2802
177 3326
177 3431
177 4003
177 4417
177 4466
177 4817
177 5236
178 2958
178 3395
178 3585
178 3994
178 4259
178 4490
178 5108
178 5344
179 2901
179 3073
179 3743
179 3848
179 4143
179 4700
179 4869
179 5375
180 2994
180 3157
180 3698
180 3973
180 4272
180 4537
180 5073
180 5143
181 2760
181 3396
181 3575
181 3975
181 4406
181 4543
181 4840
181 5138
182 2803
182 3159
182 3637
182 3866
182 4351
182 4501
182 4886
182 5407
183 2829
183 3289
183 3672
183 3992
183 4139
183 4553
183 4984
183 5397
184 3032
184 3144
184 3512
184 4039
184 4374
184 4465
184 4805
184 5434
185 3053
185 3292
185 3511
185 3988
185 4319
185 4736
185 4870
185 5228
186 2930
186 3304
186 3453
186 3995
186 4314
186 4642
186 5016
186 5182
187 2967
187 3122
187 3714
187 4027
187 4140
187 4446
187 4982
187 5409
188 2895
188 3383
188 3454
188 4092
188 4124
188 4581
188 4891
188 5151
189 2897
189 3374
189 3441
189 4020
189 4165
189 4546
189 5104
189 5194
190 2758
190 3329
190 3534
190 3782
190 4297
190 4632
190 4917
190 5238
191 2842
191 3119
191 3727
191 4090
191 4346
191 4649
191 5012
191 5364
192 2863
192 3284
192 3518
192 3818
192 4192
192 4482
192 4905
192 5346
193 2860
193 3188
193 3520
193 3980
193 4383
193 4434
193 5071
193 5145
194 2768
194 3078
194 3425
194 3884
194 4203
194 4732
194 5052
194 5131
195 2957
195 3392
195 3722
195 3923
195 4349
195 4531
195 5075
195 5176
196 2946
196 3409
196 3609
196 3786
196 4141
196 4436
196 4807
196 5253
197 3013
197 3376
197 3561
197 3894
197 4265
197 4641
197 5055
197 5358
198 2739
198 3400
198 3597
198 3890
198 4120
198 4764
198 5014
198 5134
199 2914
199 3306
199 3624
199 3861
199 4193
199 4561
199 4907
199 5200
200 2782
200 3261
200 3578
200 3930
200 4397
200 4547
200 5082
200 5127
201 3051
201 3186
201 3569
201 3877
201 4093
201 4675
201 4850
201 5154
202 3052
202 3350
202 3455
202 3842
202 4338
202 4510
202 4933
202 5136
203 3026
203 3302
203 3612
203 3824
203 4128
203 4727
203 5048
203 5363
204 2899
204 3356
204 3682
204 3808
204 4110
204 4572
204 4835
204 5205
205 2973
205 3391
205 3498
205 4019
205 4200
205 4712
205 4927
205 5218
206 2847
206 3151
206 3582
206 4089
206 4106
206 4469
206 4942
206 5273
207 2962
207 3266
207 3533
207 3990
207 4398
207 4760
207 5096
207 5357
208 2764
208 3363
208 3726
208 4076
208 4158
208 4472
208 4912
208 5212
209 2904
209 3386
209 3627
209 4000
209 4400
209 4766
209 5060
209 5416
210 2878
210 3226
210 3584
210 3821
210 4370
210 4504
210 4830
210 5195
211 2763
211 3275
211 3429
211 3856
211 4173
211 4753
211 4779
211 5448
212 3056
212 3096
212 3461
212 3843
212 4298
212 4573
212 4843
212 5284
213 3067
213 3222
213 3487
213 4030
213 4244
213 4460
213 4952
213 5211
214 2943
214 3390
214 3626
214 3918
214 4159
214 4722
214 5025
214 5240
215 2977
215 3181
215 3636
215 3802
215 4366
215 4548
215 4865
215 5255
216 2865
216 3165
216 3486
216 3892
216 4171
216 4559
216 4920
216 5274
217 2879
217 3403
217 3678
217 3874
217 4181
217 4664
217 4986
217 5392
218 3031
218 3171
218 3602
218 3969
218 4242
218 4575
218 4814
218 5221
219 3044
219 3355
219 3718
219 4026
219 4107
219 4459
219 4884
219 5125
220 2995
220 3235
220 3422
220 3922
220 4333
220 4652
220 4882
220 5235
221 2940
221 3379
221 3539
221 3850
221 4198
221 4616
221 4783
221 5268
222 2937
222 3103
222 3581
222 3753
222 4142
222 4638
222 4898
222 5256
223 2903
223 3251
223 3493
223 3868
223 4201
223 4586
223 4867
223 5189
224 2853
224 3239
224 3670
224 3870
224 4432
224 4498
224 4932
224 5298
225 2740
225 3343
225 3720
225 3773
225 4300
225 4439
225 5109
225 5328
226 2912
226 3362
226 3556
226 3768
226 4291
226 4683
226 5095
226 5447
227 2797
227 3393
227 3646
227 3999
227 4176
227 4728
227 5097
227 5258
228 2729
228 3104
228 3666
228 4022
228 4312
228 4769
228 4972
228 5217
229 2920
229 3085
229 3645
229 4043
229 4285
229 4734
229 4962
229 5395
230 2854
230 3305
230 3496
230 4011
230 4357
230 4706
230 5099
230 5438
231 2845
231 3309
231 3687
231 3976
231 4277
231 4529
231 4872
231 5336
232 3039
232 3219
232 3467
232 3949
232 4280
232 4629
232 4874
232 5215
233 2890
233 3259
233 3480
233 3886
233 4273
233 4609
233 4943
233 5277
234 2815
234 3152
234 3621
234 3991
234 4321
234 4650
234 4957
234 5196
235 2848
235 3340
235 3522
235 3858
235 4327
235 4740
235 5051
235 5239
236 2751
236 3092
236 3615
236 3767
236 4411
236 4554
236 5056
236 5437
237 2836
237 3084
237 3605
237 3956
237 4205
237 4461
237 5066
237 5351
238 2785
238 3147
238 3436
238 3863
238 4353
238 4621
238 5098
238 5387
239 2875
239 3133
239 3623
239 4064
239 4402
239 4755
239 4928
239 5329
240 2881
240 3167
240 3465
240 4028
240 4420
240 4739
240 4828
240 5186
241 2998
241 3248
241 3457
241 4078
241 4146
241 4447
241 4924
241 5431
242 2796
242 3236
242 3444
242 4058
242 4433
242 4662
242 4989
242 5130
243 3045
243 3146
243 3591
243 4010
243 4095
243 4738
243 5057
243 5408
244 2745
244 3258
244 3603
244 3996
244 4207
244 4635
244 4899
244 5275
245 3024
245 3233
245 3629
245 3839
245 4132
245 4622
245 4987
245 5181
246 2892
246 3267
246 3736
246 3813
246 4174
246 4542
246 5002
246 5394
247 2871
247 3162
247 3674
247 3914
247 4230
247 4636
247 4818
247 5321
248 2965
248 3088
248 3632
248 4046
248 4249
248 4552
248 4786
248 5172
249 3029
249 3178
249 3508
249 3880
249 4388
249 4580
249 4863
249 5291
250 2976
250 3365
250 3566
250 3981
250 4226
250 4674
250 4839
250 5378
251 3042
251 3244
251 3515
251 3905
251 4184
251 4610
251 4913
251 5399
252 3049
252 3316
252 3426
252 3899
252 4261
252 4704
252 4965
252 5231
253 2839
253 3283
253 3538
253 3952
253 4145
253 4661
253 5070
253 5141
254 3030
254 3273
254 3680
254 4091
254 4428
254 4445
254 5037
254 5377
255 3065
255 3225
255 3548
255 3764
255 4303
255 4625
255 4878
255 5121
256 2974
256 3150
256 3684
256 3847
256 4115
256 4544
256 4998
256 5225
257 2961
257 3139
257 3475
257 3854
257 4194
257 4691
257 5011
257 5271
258 3066
258 3321
258 3644
258 3838
258 4223
258 4684
258 4829
258 5183
259 2752
259 3278
259 3650
259 3916
259 4234
259 4611
259 5054
259 5162
260 2736
260 3087
260 3446
260 3832
260 4180
260 4599
260 5062
260 5147
261 2828
261 3072
261 3564
261 4065
261 4326
261 4488
261 4880
261 5214
262 2987
262 3330
262 3633
262 4056
262 4133
262 4737
262 4792
262 5400
263 2922
263 3194
263 3494
263 3977
263 4195
263 4590
263 4997
263 5279
264 3018
264 3388
264 3648
264 3835
264 4219
264 4479
264 5020
264 5287
265 2906
265 3130
265 3705
265 3770
265 4213
265 4526
265 5074
265 5263
266 2748
266 3368
266 3433
266 3962
266 4391
266 4560
266 4876
266 5440
267 2969
267 3075
267 3652
267 4072
267 4294
267 4656
267 4787
267 5187
268 2996
268 3254
268 3557
268 3904
268 4150
268 4541
268 4871
268 5135
269 2910
269 3198
269 3432
269 3851
269 4403
269 4615
269 4968
269 5165
270 2862
270 3344
270 3447
270 3790
270 4170
270 4578
270 4941
270 5208
271 3062
271 3377
271 3513
271 3888
271 4131
271 4670
271 4844
271 5356
272 2772
272 3271
272 3442
272 3865
272 4311
272 4435
272 5046
272 5445
273 2950
273 3294
273 3694
273 4036
273 4307
273 4602
273 5069
273 5117
274 3007
274 3325
274 3491
274 3974
274 4310
274 4714
274 4978
274 5342
275 2886
275 3230
275 3484
275 4033
275 4218
275 4566
275 4866
275 5170
276 2805
276 3204
276 3744
276 3948
276 4423
276 4686
276 4782
276 5178
277 2733
277 3359
277 3590
277 3901
277 4332
277 4515
277 4841
277 5432
278 2861
278 3114
278 3731
278 3752
278 4246
278 4481
278 5102
278 5198
279 3069
279 3134
279 3681
279 3927
279 4377
279 4697
279 5038
279 5350
280 2857
280 3070
280 3415
280 4024
280 4329
280 4533
280 4862
280 5435
281 2980
281 3081
281 3516
281 4037
281 4267
281 4720
281 5009
281 5326
282 2936
282 3083
282 3588
282 4086
282 4167
282 4518
282 5088
282 5118
283 2951
283 3174
283 3671
283 3920
283 4256
283 4658
283 4956
283 5201
284 2834
284 3341
284 3463
284 3906
284 4243
284 4678
284 4846
284 5203
285 2737
285 3129
285 3665
285 4077
285 4387
285 4742
285 5003
285 5441
286 2786
286 3247
286 3639
286 3959
286 4217
286 4749
286 4985
286 5234
287 2907
287 3272
287 3545
287 3998
287 4427
287 4773
287 4804
287 5390
288 2819
288 3191
288 3576
288 4044
288 4322
288 4708
288 5079
288 5365
289 2959
289 3238
289 3483
289 3762
289 4335
289 4563
289 5021
289 5454
290 2820
290 3202
290 3531
290 4041
290 4252
290 4765
290 4888
290 5276
291 2866
291 3255
291 3413
291 3827
291 4365
291 4511
291 4975
291 5418
292 2870
292 3317
292 3437
292 4070
292 4096
292 4565
292 4810
292 5315
293 3025
293 3389
293 3471
293 3819
293 4104
293 4637
293 4896
293 5366
294 2925
294 3312
294 3640
294 4023
294 4414
294 4752
294 4908
294 5444
295 3047
295 3264
295 3725
295 4025
295 4424
295 4491
295 5084
295 5142
296 2799
296 3136
296 3699
296 4040
296 4122
296 4570
296 4901
296 5169
297 2893
297 3097
297 3460
297 3970
297 4163
297 4757
297 5090
297 5156
298 2833
298 3357
298 3614
298 3882
298 4206
298 4643
298 4970
298 5419
299 3002
299 3291
299 3430
299 3776
299 4362
299 4463
299 4940
299 5453
300 2888
300 3270
300 3664
300 3857
300 4118
300 4687
300 4820
300 5423
301 3033
301 3082
301 3450
301 3968
301 4168
301 4750
301 4954
301 5295
302 2991
302 3318
302 3710
302 3840
302 4419
302 4644
302 5036
302 5171
303 2830
303 3203
303 3607
303 3898
303 4328
303 4557
303 4909
303 5433
304 2849
304 3215
304 3657
304 3766
304 4127
304 4532
304 4778
304 5192
305 2948
305 3101
305 3631
305 3947
305 4237
305 4767
305 4825
305 5158
306 2956
306 3113
306 3555
306 4054
306 4382
306 4508
306 4860
306 5367
307 2732
307 3296
307 3689
307 3932
307 4190
307 4696
307 4889
307 5224
308 3022
308 3311
308 3418
308 4004
308 4376
308 4682
308 5068
308 5398
309 3009
309 3091
309 3439
309 3931
309 4253
309 4595
309 5049
309 5305
310 2873
310 3375
310 3654
310 3876
310 4425
310 4717
310 5019
310 5411
311 2742
311 3175
311 3550
311 3809
311 4320
311 4535
311 5044
311 5443
312 2993
312 3406
312 3549
312 3862
312 4412
312 4571
312 4961
312 5206
313 2810
313 3327
313 3540
313 3805
313 4409
313 4597
313 5004
313 5184
314 2883
314 3401
314 3739
314 4087
314 4172
314 4551
314 5023
314 5288
315 2972
315 3143
315 3579
315 3967
315 4258
315 4480
315 5039
315 5425
316 3003
316 3352
316 3690
316 4052
316 4415
316 4530
316 5006
316 5207
317 2992
317 3288
317 3560
317 3775
317 4340
317 4761
317 4849
317 5301
318 3016
318 3227
318 3589
318 3939
318 4257
318 4555
318 4981
318 5396
319 3057
319 3366
319 3530
319 3810
319 4222
319 4702
319 4799
319 5188
320 2767
320 3170
320 3719
320 3940
320 4375
320 4494
320 5083
320 5348
321 2872
321 3303
321 3729
321 3963
321 4341
321 4485
321 4967
321 5417
322 2876
322 3243
322 3593
322 3928
322 4216
322 4441
322 4910
322 5428
323 2788
323 3346
323 3503
323 3806
323 4360
323 4756
323 5106
323 5450
324 2898
324 3093
324 3647
324 4066
324 4337
324 4483
324 5067
324 5209
325 2776
325 3354
325 3479
325 3855
325 4121
325 4592
325 4935
325 5313
326 2843
326 3285
326 3519
326 3796
326 4149
326 4743
326 4937
326 5345
327 2735
327 3173
327 3458
327 3935
327 4290
327 4584
327 4881
327 5403
328 2852
328 3169
328 3517
328 4012
328 4135
328 4680
328 5005
328 5167
329 2985
329 3405
329 3448
329 3826
329 4228
329 4443
329 5085
329 5246
330 2771
330 3209
330 3543
330 3778
330 4155
330 4630
330 4983
330 5262
331 2894
331 3140
331 3677
331 4084
331 4385
331 4502
331 4921
331 5164
332 2858
332 3076
332 3686
332 3942
332 4295
332 4617
332 4851
332 5427
333 2929
333 3277
333 3481
333 3792
333 4274
333 4458
333 4936
333 5382
334 2963
334 3111
334 3553
334 3828
334 4211
334 4710
334 4996
334 5241
335 2942
335 3184
335 3728
335 3758
335 4282
335 4771
335 5103
335 5322
336 2953
336 3387
336 3544
336 3964
336 4368
336 4497
336 4793
336 5302
337 2850
337 3265
337 3421
337 3945
337 4247
337 4583
337 4906
337 5166
338 2770
338 3360
338 3468
338 3917
338 4169
338 4451
338 5030
338 5232
339 2851
339 3115
339 3724
339 4074
339 4177
339 4681
339 4861
339 5197
340 2982
340 3164
340 3594
340 3833
340 4123
340 4603
340 5093
340 5355
341 2749
341 3218
341 3628
341 4045
341 4278
341 4520
341 4963
341 5373
