0 1 
264 165 
15 24 
1 45
1 349
1 743
1 1014
1 1066
1 1355
1 1649
1 1868
1 2232
1 2571
1 2826
1 2980
1 3430
1 3556
1 3951
2 71
2 330
2 744
2 907
2 1100
2 1331
2 1738
2 2109
2 2149
2 2513
2 2657
2 3067
2 3398
2 3515
2 3811
3 240
3 358
3 759
3 920
3 1165
3 1507
3 1788
3 1999
3 2348
3 2586
3 2757
3 2956
3 3225
3 3607
3 3713
4 148
4 342
4 757
4 915
4 1158
4 1561
4 1690
4 2039
4 2299
4 2505
4 2655
4 3078
4 3208
4 3509
4 3877
5 151
5 327
5 706
5 1025
5 1089
5 1343
5 1688
5 1875
5 2374
5 2591
5 2850
5 2974
5 3236
5 3462
5 3894
6 83
6 462
6 762
6 990
6 1173
6 1533
6 1647
6 2059
6 2166
6 2437
6 2898
6 3053
6 3402
6 3597
6 3704
7 181
7 466
7 593
7 1022
7 1311
7 1463
7 1633
7 1850
7 2376
7 2497
7 2742
7 2951
7 3384
7 3619
7 3912
8 222
8 401
8 572
8 937
8 1200
8 1479
8 1624
8 1951
8 2230
8 2434
8 2652
8 3124
8 3188
8 3451
8 3955
9 187
9 431
9 532
9 961
9 1286
9 1354
9 1816
9 2035
9 2126
9 2634
9 2833
9 3085
9 3256
9 3694
9 3735
10 129
10 469
10 542
10 1006
10 1077
10 1436
10 1774
10 1919
10 2313
10 2593
10 2854
10 3074
10 3183
10 3569
10 3730
11 214
11 382
11 774
11 948
11 1250
11 1396
11 1656
11 1967
11 2161
11 2580
11 2846
11 2963
11 3296
11 3566
11 3718
12 102
12 308
12 607
12 984
12 1213
12 1440
12 1669
12 1877
12 2234
12 2381
12 2823
12 3115
12 3230
12 3661
12 3851
13 69
13 362
13 773
13 805
13 1319
13 1458
13 1836
13 2063
13 2283
13 2517
13 2902
13 3028
13 3371
13 3485
13 3942
14 196
14 450
14 609
14 1007
14 1067
14 1357
14 1674
14 1923
14 2131
14 2531
14 2775
14 3129
14 3218
14 3585
14 3803
15 61
15 323
15 549
15 825
15 1223
15 1459
15 1612
15 2065
15 2192
15 2548
15 2872
15 2971
15 3193
15 3544
15 3793
16 101
16 428
16 546
16 1053
16 1062
16 1379
16 1683
16 1889
16 2326
16 2561
16 2648
16 2949
16 3280
16 3541
16 3826
17 22
17 505
17 719
17 806
17 1235
17 1475
17 1664
17 1860
17 2119
17 2413
17 2715
17 3165
17 3428
17 3519
17 3878
18 34
18 277
18 692
18 807
18 1318
18 1554
18 1606
18 2086
18 2198
18 2386
18 2744
18 3153
18 3336
18 3524
18 3883
19 264
19 487
19 587
19 890
19 1310
19 1324
19 1696
19 1970
19 2273
19 2530
19 2796
19 2925
19 3173
19 3550
19 3905
20 79
20 397
20 740
20 897
20 1103
20 1342
20 1592
20 1883
20 2256
20 2631
20 2807
20 2987
20 3359
20 3504
20 3768
21 95
21 394
21 777
21 853
21 1111
21 1551
21 1586
21 2009
21 2181
21 2472
21 2786
21 2962
21 3355
21 3502
21 3913
22 212
22 386
22 666
22 816
22 1143
22 1542
22 1800
22 1989
22 2345
22 2515
22 2706
22 2950
22 3432
22 3649
22 3910
23 183
23 321
23 792
23 835
23 1084
23 1321
23 1728
23 1908
23 2228
23 2627
23 2762
23 3077
23 3192
23 3464
23 3934
24 263
24 456
24 697
24 811
24 1203
24 1439
24 1754
24 2031
24 2356
24 2522
24 2716
24 2941
24 3210
24 3478
24 3859
25 110
25 527
25 724
25 987
25 1171
25 1339
25 1630
25 2044
25 2218
25 2630
25 2891
25 3003
25 3427
25 3517
25 3802
26 7
26 312
26 695
26 1034
26 1220
26 1468
26 1794
26 1984
26 2116
26 2432
26 2726
26 2944
26 3314
26 3627
26 3874
27 155
27 447
27 713
27 883
27 1179
27 1581
27 1818
27 2053
27 2372
27 2597
27 2730
27 3057
27 3385
27 3685
27 3788
28 140
28 442
28 665
28 919
28 1247
28 1486
28 1768
28 2002
28 2261
28 2446
28 2848
28 3080
28 3373
28 3614
28 3879
29 220
29 472
29 610
29 934
29 1268
29 1392
29 1622
29 1979
29 2238
29 2456
29 2722
29 3148
29 3367
29 3572
29 3855
30 218
30 369
30 577
30 802
30 1157
30 1350
30 1653
30 1899
30 2146
30 2537
30 2753
30 3025
30 3381
30 3458
30 3940
31 161
31 515
31 560
31 923
31 1124
31 1481
31 1682
31 1960
31 2285
31 2521
31 2749
31 3158
31 3237
31 3522
31 3869
32 81
32 486
32 761
32 821
32 1164
32 1408
32 1590
32 1887
32 2349
32 2585
32 2773
32 3120
32 3408
32 3650
32 3743
33 128
33 429
33 673
33 817
33 1279
33 1366
33 1665
33 1961
33 2219
33 2553
33 2768
33 2984
33 3368
33 3642
33 3786
34 78
34 309
34 554
34 933
34 1227
34 1351
34 1811
34 2068
34 2145
34 2496
34 2685
34 2906
34 3332
34 3475
34 3726
35 11
35 398
35 670
35 798
35 1075
35 1353
35 1689
35 1886
35 2352
35 2392
35 2871
35 2977
35 3392
35 3463
35 3758
36 5
36 317
36 638
36 992
36 1121
36 1362
36 1625
36 2020
36 2175
36 2452
36 2864
36 3018
36 3315
36 3474
36 3804
37 73
37 493
37 640
37 859
37 1073
37 1327
37 1657
37 2095
37 2209
37 2420
37 2714
37 3043
37 3324
37 3466
37 3770
38 249
38 291
38 714
38 917
38 1074
38 1526
38 1750
38 2100
38 2279
38 2465
38 2776
38 3135
38 3390
38 3489
38 3882
39 76
39 314
39 637
39 843
39 1212
39 1522
39 1838
39 2050
39 2211
39 2492
39 2904
39 3108
39 3369
39 3560
39 3898
40 115
40 313
40 760
40 846
40 1104
40 1455
40 1631
40 1853
40 2212
40 2402
40 2781
40 2978
40 3186
40 3662
40 3959
41 205
41 517
41 764
41 885
41 1255
41 1499
41 1733
41 2075
41 2355
41 2500
41 2797
41 2914
41 3350
41 3669
41 3738
42 159
42 274
42 669
42 857
42 1290
42 1469
42 1801
42 1895
42 2188
42 2574
42 2867
42 3002
42 3217
42 3536
42 3892
43 168
43 320
43 534
43 1013
43 1269
43 1450
43 1655
43 2099
43 2231
43 2539
43 2862
43 3010
43 3415
43 3679
43 3741
44 17
44 347
44 772
44 1035
44 1170
44 1460
44 1680
44 2105
44 2180
44 2454
44 2841
44 3051
44 3363
44 3563
44 3790
45 138
45 293
45 536
45 966
45 1091
45 1429
45 1769
45 2091
45 2319
45 2616
45 2784
45 2998
45 3422
45 3441
45 3798
46 194
46 464
46 642
46 838
46 1148
46 1482
46 1712
46 1971
46 2367
46 2512
46 2782
46 3123
46 3309
46 3568
46 3933
47 94
47 273
47 594
47 944
47 1258
47 1480
47 1814
47 1990
47 2220
47 2609
47 2711
47 3029
47 3401
47 3693
47 3737
48 30
48 479
48 663
48 815
48 1217
48 1376
48 1642
48 1856
48 2254
48 2581
48 2737
48 3102
48 3244
48 3591
48 3769
49 123
49 326
49 621
49 879
49 1218
49 1453
49 1604
49 2060
49 2195
49 2639
49 2819
49 3030
49 3361
49 3687
49 3897
50 241
50 412
50 702
50 959
50 1204
50 1534
50 1791
50 2005
50 2293
50 2547
50 2662
50 3122
50 3365
50 3683
50 3827
51 217
51 360
51 680
51 906
51 1139
51 1391
51 1692
51 2029
51 2323
51 2417
51 2682
51 3001
51 3325
51 3576
51 3950
52 24
52 350
52 728
52 813
52 1161
52 1359
52 1813
52 1974
52 2163
52 2499
52 2693
52 3119
52 3189
52 3545
52 3849
53 245
53 415
53 597
53 878
53 1274
53 1415
53 1648
53 2027
53 2199
53 2462
53 2769
53 2993
53 3310
53 3689
53 3783
54 133
54 497
54 585
54 860
54 1209
54 1483
54 1826
54 1872
54 2315
54 2421
54 2695
54 2926
54 3379
54 3594
54 3710
55 201
55 333
55 600
55 1002
55 1169
55 1356
55 1822
55 1916
55 2302
55 2509
55 2861
55 3100
55 3394
55 3616
55 3903
56 258
56 381
56 664
56 982
56 1183
56 1380
56 1621
56 2041
56 2190
56 2480
56 2674
56 3116
56 3250
56 3601
56 3850
57 253
57 459
57 674
57 872
57 1238
57 1448
57 1723
57 1978
57 2159
57 2436
57 2903
57 2966
57 3347
57 3637
57 3810
58 177
58 367
58 698
58 799
58 1253
58 1386
58 1593
58 2006
58 2226
58 2431
58 2812
58 3021
58 3341
58 3528
58 3762
59 149
59 364
59 619
59 1056
59 1275
59 1498
59 1789
59 1880
59 2147
59 2435
59 2814
59 3110
59 3301
59 3551
59 3789
60 188
60 388
60 605
60 974
60 1156
60 1424
60 1634
60 2045
60 2297
60 2598
60 2661
60 2988
60 3251
60 3595
60 3945
61 36
61 396
61 751
61 818
61 1267
61 1409
61 1764
61 1909
61 2336
61 2552
61 2791
61 2955
61 3407
61 3635
61 3760
62 234
62 272
62 598
62 896
62 1232
62 1464
62 1721
62 1952
62 2294
62 2442
62 2838
62 3061
62 3345
62 3435
62 3937
63 139
63 286
63 768
63 831
63 1081
63 1447
63 1782
63 2024
63 2151
63 2523
63 2732
63 3024
63 3288
63 3659
63 3956
64 210
64 372
64 568
64 980
64 1298
64 1552
64 1843
64 1866
64 2153
64 2541
64 2741
64 3062
64 3358
64 3534
64 3868
65 147
65 307
65 624
65 871
65 1184
65 1467
65 1638
65 1926
65 2114
65 2400
65 2857
65 3063
65 3231
65 3514
65 3708
66 112
66 339
66 591
66 808
66 1133
66 1569
66 1686
66 1920
66 2277
66 2569
66 2701
66 3096
66 3181
66 3539
66 3840
67 41
67 269
67 589
67 975
67 1271
67 1540
67 1626
67 2036
67 2227
67 2562
67 2882
67 2947
67 3337
67 3645
67 3938
68 105
68 476
68 780
68 1017
68 1214
68 1465
68 1661
68 1874
68 2236
68 2638
68 2895
68 3095
68 3404
68 3506
68 3904
69 1
69 439
69 584
69 1045
69 1199
69 1365
69 1756
69 1910
69 2330
69 2390
69 2672
69 2997
69 3176
69 3561
69 3721
70 259
70 377
70 574
70 1010
70 1276
70 1532
70 1602
70 1891
70 2214
70 2430
70 2853
70 2960
70 3277
70 3547
70 3818
71 175
71 491
71 646
71 796
71 1239
71 1461
71 1752
71 1894
71 2197
71 2577
71 2718
71 3097
71 3383
71 3532
71 3873
72 68
72 392
72 693
72 803
72 1301
72 1340
72 1828
72 2098
72 2368
72 2606
72 2752
72 2918
72 3338
72 3530
72 3750
73 185
73 422
73 748
73 850
73 1242
73 1496
73 1697
73 2078
73 2122
73 2483
73 2650
73 2969
73 3255
73 3688
73 3698
74 162
74 359
74 771
74 886
74 1153
74 1566
74 1765
74 1943
74 2206
74 2507
74 2686
74 3049
74 3326
74 3471
74 3864
75 235
75 305
75 687
75 856
75 1163
75 1385
75 1732
75 1947
75 2270
75 2423
75 2656
75 3090
75 3396
75 3470
75 3765
76 119
76 499
76 590
76 950
76 1146
76 1514
76 1759
76 1938
76 2113
76 2601
76 2890
76 3082
76 3303
76 3546
76 3844
77 19
77 471
77 632
77 864
77 1198
77 1488
77 1609
77 2058
77 2309
77 2567
77 2794
77 2938
77 3174
77 3600
77 3896
78 195
78 501
78 739
78 932
78 1180
78 1323
78 1780
78 1885
78 2265
78 2514
78 2893
78 3032
78 3412
78 3554
78 3751
79 209
79 481
79 533
79 956
79 1309
79 1400
79 1660
79 1976
79 2337
79 2489
79 2778
79 3103
79 3348
79 3443
79 3805
80 143
80 498
80 691
80 1001
80 1285
80 1451
80 1720
80 1941
80 2132
80 2563
80 2645
80 2946
80 3307
80 3552
80 3926
81 74
81 500
81 705
81 852
81 1142
81 1378
81 1758
81 2092
81 2140
81 2458
81 2725
81 3068
81 3215
81 3692
81 3949
82 200
82 503
82 654
82 902
82 1108
82 1322
82 1636
82 2087
82 2320
82 2550
82 2673
82 2907
82 3411
82 3636
82 3779
83 260
83 420
83 606
83 939
83 1306
83 1491
83 1670
83 1879
83 2189
83 2490
83 2779
83 3094
83 3364
83 3633
83 3829
84 13
84 391
84 746
84 866
84 1102
84 1466
84 1817
84 1939
84 2120
84 2473
84 2804
84 2919
84 3313
84 3564
84 3848
85 25
85 448
85 699
85 953
85 1159
85 1387
85 1766
85 1857
85 2115
85 2625
85 2760
85 2952
85 3333
85 3461
85 3739
86 104
86 283
86 564
86 976
86 1293
86 1431
86 1672
86 2019
86 2217
86 2449
86 2859
86 3023
86 3343
86 3583
86 3888
87 247
87 526
87 539
87 918
87 1294
87 1497
87 1681
87 1942
87 2141
87 2589
87 2684
87 3027
87 3327
87 3647
87 3747
88 176
88 470
88 570
88 1048
88 1222
88 1420
88 1667
88 2015
88 2185
88 2474
88 2724
88 3091
88 3410
88 3599
88 3835
89 248
89 289
89 675
89 1036
89 1215
89 1347
89 1848
89 1934
89 2278
89 2559
89 2886
89 3152
89 3370
89 3673
89 3752
90 142
90 404
90 776
90 940
90 1237
90 1405
90 1737
90 1876
90 2172
90 2450
90 2671
90 3141
90 3386
90 3498
90 3909
91 57
91 345
91 782
91 862
91 1190
91 1524
91 1777
91 2034
91 2200
91 2378
91 2830
91 3014
91 3266
91 3610
91 3839
92 35
92 518
92 623
92 928
92 1140
92 1364
92 1684
92 2040
92 2225
92 2471
92 2816
92 3162
92 3312
92 3695
92 3819
93 261
93 355
93 729
93 1050
93 1256
93 1370
93 1795
93 2016
93 2253
93 2527
93 2798
93 2994
93 3249
93 3658
93 3922
94 244
94 302
94 592
94 882
94 1303
94 1441
94 1662
94 1915
94 2216
94 2441
94 2875
94 3006
94 3290
94 3444
94 3900
95 192
95 363
95 579
95 973
95 1193
95 1452
95 1761
95 2043
95 2168
95 2426
95 2750
95 3019
95 3182
95 3654
95 3881
96 204
96 482
96 578
96 881
96 1150
96 1393
96 1790
96 1900
96 2310
96 2387
96 2667
96 3163
96 3197
96 3446
96 3809
97 16
97 435
97 734
97 863
97 1210
97 1454
97 1600
97 1996
97 2303
97 2396
97 2822
97 2972
97 3335
97 3508
97 3774
98 106
98 265
98 775
98 905
98 1280
98 1402
98 1842
98 2085
98 2196
98 2502
98 2852
98 2935
98 3228
98 3632
98 3734
99 145
99 389
99 563
99 848
99 1060
99 1401
99 1710
99 2007
99 2174
99 2397
99 2827
99 2922
99 3287
99 3449
99 3862
100 90
100 492
100 558
100 995
100 1079
100 1449
100 1810
100 1949
100 2305
100 2443
100 2789
100 2975
100 3323
100 3481
100 3867
101 130
101 454
101 749
101 965
101 1248
101 1505
101 1770
101 1936
101 2128
101 2516
101 2660
101 3112
101 3184
101 3490
101 3778
102 141
102 344
102 552
102 804
102 1080
102 1494
102 1785
102 1914
102 2304
102 2578
102 2855
102 3013
102 3391
102 3581
102 3746
103 197
103 284
103 708
103 1033
103 1192
103 1384
103 1603
103 2101
103 2266
103 2459
103 2868
103 3084
103 3258
103 3476
103 3757
104 64
104 504
104 766
104 870
104 1064
104 1332
104 1614
104 1948
104 2251
104 2495
104 2642
104 3047
104 3253
104 3676
104 3880
105 239
105 380
105 651
105 800
105 1069
105 1349
105 1714
105 2102
105 2224
105 2519
105 2681
105 2912
105 3423
105 3629
105 3830
106 156
106 455
106 535
106 954
106 1071
106 1544
106 1700
106 2025
106 2208
106 2546
106 2829
106 2932
106 3243
106 3488
106 3701
107 206
107 385
107 644
107 1024
107 1243
107 1535
107 1659
107 2003
107 2300
107 2486
107 2808
107 2937
107 3431
107 3620
107 3825
108 100
108 400
108 750
108 851
108 1316
108 1433
108 1589
108 1882
108 2275
108 2493
108 2831
108 3008
108 3305
108 3483
108 3915
109 216
109 276
109 791
109 794
109 1273
109 1527
109 1707
109 2054
109 2325
109 2405
109 2885
109 3070
109 3241
109 3454
109 3914
110 172
110 484
110 685
110 936
110 1201
110 1457
110 1701
110 1867
110 2360
110 2468
110 2863
110 2964
110 3378
110 3529
110 3794
111 154
111 288
111 538
111 891
111 1058
111 1504
111 1812
111 1913
111 2346
111 2566
111 2828
111 3098
111 3198
111 3516
111 3958
112 199
112 332
112 672
112 899
112 1254
112 1536
112 1706
112 1898
112 2245
112 2501
112 2664
112 3071
112 3264
112 3505
112 3732
113 150
113 405
113 618
113 924
113 1078
113 1462
113 1846
113 2037
113 2255
113 2391
113 2788
113 2923
113 3344
113 3523
113 3875
114 12
114 336
114 676
114 927
114 1208
114 1531
114 1639
114 1929
114 2292
114 2463
114 2653
114 3145
114 3429
114 3593
114 3863
115 40
115 478
115 565
115 925
115 1297
115 1565
115 1735
115 1987
115 2280
115 2590
115 2746
115 3039
115 3282
115 3578
115 3944
116 157
116 337
116 682
116 1037
116 1292
116 1404
116 1743
116 1993
116 2248
116 2637
116 2687
116 3125
116 3409
116 3437
116 3709
117 50
117 340
117 656
117 911
117 1172
117 1348
117 1837
117 2067
117 2150
117 2632
117 2803
117 3075
117 3254
117 3604
117 3960
118 58
118 513
118 627
118 913
118 1114
118 1456
118 1762
118 2072
118 2306
118 2438
118 2860
118 2945
118 3185
118 3479
118 3717
119 125
119 271
119 645
119 810
119 1287
119 1478
119 1835
119 1975
119 2124
119 2488
119 2847
119 3155
119 3302
119 3617
119 3791
120 37
120 467
120 703
120 797
120 1224
120 1419
120 1617
120 1998
120 2321
120 2595
120 2810
120 2983
120 3414
120 3511
120 3781
121 2
121 373
121 634
121 801
121 1295
121 1557
121 1708
121 1982
121 2329
121 2447
121 2845
121 3149
121 3172
121 3521
121 3865
122 122
122 395
122 648
122 991
122 1320
122 1563
122 1725
122 2026
122 2359
122 2551
122 2865
122 3131
122 3304
122 3684
122 3796
123 98
123 346
123 588
123 904
123 1090
123 1579
123 1773
123 1972
123 2249
123 2575
123 2698
123 2909
123 3387
123 3630
123 3763
124 84
124 281
124 707
124 1011
124 1154
124 1546
124 1699
124 1928
124 2307
124 2411
124 2765
124 3160
124 3194
124 3503
124 3771
125 246
125 374
125 658
125 889
125 1105
125 1427
125 1641
125 2046
125 2160
125 2476
125 2805
125 2905
125 3351
125 3436
125 3755
126 173
126 368
126 690
126 926
126 1187
126 1437
126 1792
126 1862
126 2125
126 2393
126 2751
126 2982
126 3292
126 3494
126 3884
127 27
127 285
127 581
127 1049
127 1278
127 1519
127 1619
127 1897
127 2298
127 2377
127 2644
127 2920
127 3366
127 3531
127 3924
128 223
128 528
128 718
128 895
128 1110
128 1330
128 1742
128 2010
128 2357
128 2568
128 2811
128 3026
128 3257
128 3477
128 3821
129 208
129 524
129 576
129 1026
129 1141
129 1413
129 1651
129 2090
129 2148
129 2508
129 2767
129 3041
129 3283
129 3584
129 3847
130 180
130 331
130 639
130 833
130 1128
130 1421
130 1779
130 1932
130 2202
130 2604
130 2818
130 2954
130 3330
130 3558
130 3893
131 54
131 393
131 741
131 1044
131 1261
131 1490
131 1747
131 2096
131 2259
131 2554
131 2707
131 2970
131 3389
131 3602
131 3838
132 238
132 461
132 615
132 876
132 1241
132 1503
132 1775
132 2021
132 2362
132 2477
132 2883
132 3107
132 3222
132 3565
132 3776
133 63
133 287
133 677
133 972
133 1155
133 1361
133 1628
133 2062
133 2328
133 2545
133 2719
133 2928
133 3178
133 3628
133 3941
134 171
134 452
134 790
134 829
134 1144
134 1425
134 1652
134 1958
134 2178
134 2470
134 2764
134 2916
134 3259
134 3592
134 3814
135 70
135 384
135 763
135 830
135 1160
135 1367
135 1623
135 1994
135 2366
135 2584
135 2683
135 3144
135 3263
135 3448
135 3842
136 193
136 423
136 732
136 1015
136 1120
136 1403
136 1821
136 2032
136 2207
136 2555
136 2692
136 2933
136 3425
136 3482
136 3935
137 121
137 266
137 786
137 1020
137 1178
137 1553
137 1745
137 1957
137 2240
137 2636
137 2643
137 3036
137 3206
137 3549
137 3831
138 49
138 329
138 765
138 1030
138 1059
138 1381
138 1757
138 1937
138 2317
138 2455
138 2729
138 3081
138 3321
138 3473
138 3795
139 166
139 407
139 566
139 952
139 1106
139 1422
139 1705
139 1912
139 2274
139 2379
139 2809
139 3016
139 3232
139 3559
139 3948
140 252
140 311
140 540
140 942
140 1093
140 1336
140 1632
140 1955
140 2260
140 2451
140 2666
140 3136
140 3334
140 3615
140 3824
141 97
141 356
141 551
141 955
141 1264
141 1418
141 1802
141 1884
141 2156
141 2403
141 2842
141 3059
141 3318
141 3667
141 3775
142 14
142 270
142 711
142 822
142 1308
142 1495
142 1610
142 1893
142 2237
142 2408
142 2756
142 2953
142 3201
142 3609
142 3890
143 48
143 409
143 735
143 1041
143 1098
143 1446
143 1730
143 1911
143 2127
143 2404
143 2702
143 3035
143 3382
143 3646
143 3784
144 55
144 437
144 545
144 874
144 1063
144 1515
144 1729
144 1859
144 2130
144 2576
144 2771
144 3166
144 3393
144 3500
144 3759
145 219
145 325
145 657
145 989
145 1305
145 1328
145 1704
145 1930
145 2167
145 2485
145 2783
145 3114
145 3203
145 3459
145 3857
146 221
146 296
146 553
146 901
146 1125
146 1500
146 1760
146 2023
146 2143
146 2570
146 2676
146 2959
146 3357
146 3510
146 3799
147 103
147 279
147 733
147 921
147 1284
147 1394
147 1751
147 1904
147 2312
147 2416
147 2892
147 3089
147 3260
147 3678
147 3828
148 256
148 318
148 559
148 993
148 1315
148 1406
148 1803
148 1968
148 2187
148 2464
148 2641
148 3156
148 3377
148 3621
148 3712
149 108
149 406
149 643
149 977
149 1134
149 1575
149 1844
149 1945
149 2338
149 2560
149 2713
149 3054
149 3380
149 3472
149 3822
150 163
150 371
150 717
150 994
150 1167
150 1325
150 1815
150 1892
150 2229
150 2626
150 2647
150 3113
150 3252
150 3543
150 3856
151 189
151 399
151 660
151 839
151 1107
151 1477
151 1778
151 2112
151 2331
151 2618
151 2836
151 2915
151 3388
151 3634
151 3703
152 88
152 473
152 712
152 1038
152 1231
152 1368
152 1722
152 2033
152 2373
152 2613
152 2866
152 3083
152 3221
152 3518
152 3820
153 213
153 468
153 730
153 978
153 1236
153 1512
153 1771
153 2097
153 2186
153 2510
153 2694
153 3012
153 3240
153 3434
153 3785
154 4
154 306
154 787
154 998
154 1082
154 1517
154 1637
154 2089
154 2194
154 2383
154 2669
154 3033
154 3269
154 3682
154 3939
155 113
155 457
155 727
155 824
155 1188
155 1521
155 1783
155 1865
155 2257
155 2504
155 2759
155 3048
155 3403
155 3553
155 3876
156 116
156 434
156 678
156 946
156 1061
156 1371
156 1673
156 2069
156 2289
156 2526
156 2677
156 3132
156 3356
156 3452
156 3740
157 254
157 294
157 647
157 912
157 1251
157 1571
157 1668
157 1940
157 2121
157 2457
157 2761
157 2942
157 3339
157 3548
157 3731
158 85
158 268
158 710
158 986
158 1136
158 1399
158 1784
158 1922
158 2308
158 2573
158 2728
158 3052
158 3417
158 3613
158 3891
159 111
159 483
159 602
159 1009
159 1122
159 1333
159 1599
159 2038
159 2342
159 2600
159 2858
159 3126
159 3238
159 3626
159 3714
160 107
160 416
160 756
160 867
160 1095
160 1528
160 1717
160 2012
160 2118
160 2412
160 2696
160 3005
160 3308
160 3455
160 3953
161 47
161 463
161 689
161 858
161 1145
161 1584
161 1716
161 2030
161 2164
161 2439
161 2678
161 3127
161 3273
161 3433
161 3719
162 131
162 365
162 599
162 999
162 1112
162 1377
162 1825
162 2028
162 2301
162 2394
162 2777
162 3138
162 3418
162 3465
162 3715
163 228
163 425
163 683
163 1018
163 1130
163 1334
163 1824
163 2073
163 2281
163 2624
163 2834
163 3058
163 3372
163 3580
163 3931
164 186
164 516
164 573
164 868
164 1181
164 1510
164 1797
164 1851
164 2288
164 2599
164 2780
164 2908
164 3311
164 3653
164 3764
165 178
165 514
165 635
165 793
165 1263
165 1428
165 1613
165 1907
165 2332
165 2498
165 2888
165 2995
165 3316
165 3450
165 3841
166 89
166 411
166 544
166 981
166 1096
166 1523
166 1753
166 1983
166 2361
166 2534
166 2712
166 3040
166 3179
166 3670
166 3911
167 191
167 410
167 785
167 916
167 1277
167 1509
167 1615
167 2093
167 2272
167 2582
167 2747
167 2958
167 3397
167 3486
167 3744
168 120
168 441
168 567
168 979
168 1118
168 1580
168 1831
168 1861
168 2182
168 2564
168 2877
168 2934
168 3376
168 3671
168 3754
169 87
169 310
169 586
169 855
169 1109
169 1559
169 1616
169 1944
169 2144
169 2448
169 2721
169 3161
169 3175
169 3499
169 3889
170 91
170 438
170 595
170 820
170 1194
170 1363
170 1698
170 1888
170 2268
170 2461
170 2820
170 3157
170 3319
170 3651
170 3899
171 3
171 316
171 745
171 1040
171 1186
171 1555
171 1587
171 2018
171 2344
171 2520
171 2670
171 2948
171 3242
171 3438
171 3706
172 225
172 496
172 758
172 844
172 1127
172 1375
172 1781
172 2000
172 2347
172 2399
172 2770
172 3022
172 3261
172 3469
172 3918
173 229
173 300
173 537
173 795
173 1300
173 1572
173 1827
173 1906
173 2322
173 2549
173 2748
173 3093
173 3276
173 3512
173 3843
174 67
174 522
174 547
174 828
174 1266
174 1389
174 1847
174 1950
174 2205
174 2382
174 2840
174 3044
174 3239
174 3537
174 3906
175 243
175 509
175 731
175 941
175 1185
175 1390
175 1709
175 1969
175 2170
175 2380
175 2754
175 3128
175 3268
175 3608
175 3780
176 215
176 414
176 557
176 931
176 1291
176 1549
176 1596
176 1854
176 2221
176 2540
176 2837
176 2992
176 3375
176 3624
176 3853
177 242
177 275
177 601
177 962
177 1138
177 1513
177 1749
177 1959
177 2179
177 2395
177 2766
177 2940
177 3317
177 3535
177 3833
178 92
178 319
178 541
178 1042
178 1289
178 1541
178 1675
178 1921
178 2290
178 2427
178 2735
178 2968
178 3187
178 3439
178 3858
179 80
179 278
179 671
179 1016
179 1245
179 1416
179 1807
179 1896
179 2296
179 2444
179 2878
179 2911
179 3278
179 3666
179 3800
180 124
180 474
180 582
180 997
180 1299
180 1412
180 1839
180 2080
180 2284
180 2407
180 2703
180 3038
180 3328
180 3644
180 3836
181 230
181 370
181 736
181 964
181 1175
181 1474
181 1640
181 1973
181 2339
181 2587
181 2755
181 3015
181 3399
181 3668
181 3925
182 158
182 378
182 561
182 1028
182 1196
182 1471
182 1726
182 1903
182 2134
182 2419
182 2792
182 2913
182 3270
182 3542
182 3801
183 262
183 449
183 788
183 971
183 1272
183 1374
183 1786
183 2052
183 2371
183 2466
183 2802
183 3066
183 3204
183 3445
183 3954
184 65
184 343
184 700
184 1054
184 1087
184 1570
184 1833
184 2081
184 2318
184 2385
184 2851
184 2910
184 3406
184 3567
184 3866
185 164
185 324
185 652
185 898
185 1260
185 1548
185 1809
185 1985
185 2173
185 2603
185 2649
185 3072
185 3209
185 3631
185 3860
186 66
186 301
186 681
186 893
186 1131
186 1525
186 1776
186 1917
186 2154
186 2422
186 2740
186 2985
186 3426
186 3574
186 3920
187 236
187 322
187 530
187 1051
187 1233
187 1398
187 1724
187 2011
187 2263
187 2389
187 2881
187 2990
187 3200
187 3598
187 3929
188 202
188 433
188 779
188 827
188 1123
188 1443
188 1676
188 2057
188 2295
188 2635
188 2795
188 3121
188 3297
188 3618
188 3886
189 174
189 303
189 661
189 894
189 1191
189 1516
189 1767
189 2106
189 2311
189 2605
189 2825
189 3092
189 3342
189 3596
189 3947
190 86
190 494
190 529
190 988
190 1283
190 1352
190 1829
190 2079
190 2171
190 2433
190 2832
190 3079
190 3213
190 3501
190 3901
191 20
191 335
191 694
191 938
191 1176
191 1411
191 1796
191 1977
191 2215
191 2467
191 2897
191 3151
191 3265
191 3573
191 3711
192 6
192 295
192 626
192 967
192 1296
192 1511
192 1799
192 1988
192 2276
192 2487
192 2665
192 3130
192 3346
192 3690
192 3817
193 232
193 334
193 603
193 842
193 1219
193 1550
193 1620
193 2014
193 2137
193 2617
193 2697
193 3159
193 3294
193 3655
193 3952
194 203
194 432
194 613
194 969
194 1092
194 1337
194 1734
194 1870
194 2287
194 2611
194 2691
194 2924
194 3362
194 3603
194 3908
195 207
195 413
195 575
195 1043
195 1126
195 1520
195 1830
195 2047
195 2176
195 2453
195 2817
195 2930
195 3169
195 3575
195 3702
196 182
196 426
196 650
196 903
196 1065
196 1397
196 1748
196 2107
196 2258
196 2556
196 2899
196 2957
196 3405
196 3691
196 3813
197 39
197 403
197 721
197 958
197 1083
197 1410
197 1736
197 1863
197 2239
197 2538
197 2727
197 3042
197 3233
197 3453
197 3723
198 169
198 451
198 723
198 1029
198 1262
198 1583
198 1840
198 1954
198 2333
198 2525
198 2763
198 2931
198 3416
198 3622
198 3716
199 184
199 315
199 550
199 1052
199 1240
199 1388
199 1591
199 2111
199 2314
199 2506
199 2720
199 3060
199 3299
199 3562
199 3936
200 109
200 446
200 752
200 840
200 1313
200 1537
200 1643
200 2008
200 2316
200 2558
200 2880
200 3137
200 3395
200 3623
200 3832
201 42
201 304
201 722
201 935
201 1270
201 1564
201 1845
201 2048
201 2375
201 2607
201 2708
201 3055
201 3274
201 3527
201 3907
202 237
202 458
202 555
202 832
202 1302
202 1562
202 1834
202 1965
202 2353
202 2529
202 2821
202 3069
202 3286
202 3680
202 3806
203 93
203 506
203 633
203 960
203 1257
203 1444
203 1658
203 2074
203 2365
203 2596
203 2844
203 2917
203 3424
203 3492
203 3957
204 231
204 512
204 620
204 814
204 1137
204 1346
204 1702
204 2084
204 2203
204 2583
204 2813
204 3099
204 3216
204 3638
204 3777
205 53
205 375
205 628
205 957
205 1086
205 1432
205 1739
205 2017
205 2243
205 2572
205 2774
205 2943
205 3275
205 3507
205 3834
206 144
206 290
206 636
206 861
206 1304
206 1445
206 1727
206 2051
206 2155
206 2445
206 2870
206 3017
206 3300
206 3652
206 3823
207 56
207 485
207 668
207 951
207 1230
207 1582
207 1677
207 2070
207 2335
207 2579
207 2710
207 3064
207 3354
207 3496
207 3705
208 226
208 480
208 616
208 1021
208 1206
208 1417
208 1805
208 2055
208 2267
208 2469
208 2873
208 3000
208 3374
208 3639
208 3728
209 8
209 430
209 625
209 877
209 1068
209 1373
209 1695
209 1962
209 2369
209 2482
209 2896
209 2927
209 3211
209 3468
209 3815
210 255
210 444
210 716
210 1027
210 1246
210 1484
210 1694
210 2064
210 2165
210 2543
210 2856
210 2965
210 3279
210 3497
210 3916
211 46
211 280
211 754
211 841
211 1115
211 1545
211 1601
211 2066
211 2169
211 2475
211 2835
211 3101
211 3285
211 3582
211 3729
212 75
212 502
212 770
212 968
212 1135
212 1487
212 1691
212 1991
212 2222
212 2388
212 2705
212 2979
212 3247
212 3663
212 3773
213 33
213 507
213 562
213 875
213 1166
213 1434
213 1731
213 1901
213 2264
213 2460
213 2739
213 3164
213 3180
213 3526
213 3772
214 18
214 299
214 548
214 1039
214 1197
214 1538
214 1618
214 2082
214 2282
214 2542
214 2839
214 3037
214 3322
214 3480
214 3700
215 51
215 510
215 662
215 929
215 1202
215 1470
215 1679
215 2049
215 2334
215 2615
215 2772
215 2991
215 3219
215 3495
215 3767
216 134
216 495
216 778
216 812
216 1195
216 1341
216 1820
216 1924
216 2247
216 2612
216 2704
216 3088
216 3349
216 3589
216 3727
217 126
217 298
217 604
217 943
217 1225
217 1329
217 1763
217 1905
217 2252
217 2628
217 2723
217 2973
217 3229
217 3606
217 3854
218 52
218 402
218 611
218 983
218 1099
218 1485
218 1755
218 1852
218 2223
218 2535
218 2894
218 3104
218 3205
218 3664
218 3870
219 165
219 379
219 583
219 1019
219 1265
219 1335
219 1645
219 1864
219 2291
219 2425
219 2815
219 3087
219 3190
219 3579
219 3917
220 153
220 341
220 569
220 947
220 1288
220 1508
220 1588
220 1997
220 2193
220 2494
220 2654
220 2986
220 3170
220 3487
220 3792
221 233
221 292
221 630
221 837
221 1221
221 1539
221 1654
221 1933
221 2363
221 2478
221 2738
221 3073
221 3289
221 3660
221 3756
222 9
222 353
222 789
222 884
222 1216
222 1493
222 1713
222 1963
222 2157
222 2440
222 2758
222 3167
222 3234
222 3696
222 3749
223 15
223 348
223 725
223 908
223 1259
223 1472
223 1685
223 1931
223 2242
223 2622
223 2806
223 3007
223 3360
223 3587
223 3720
224 160
224 424
224 659
224 834
224 1317
224 1383
224 1806
224 2094
224 2191
224 2544
224 2869
224 2936
224 3340
224 3484
224 3923
225 38
225 460
225 696
225 888
225 1282
225 1395
225 1741
225 1925
225 2152
225 2594
225 2889
225 3154
225 3413
225 3640
225 3808
226 132
226 508
226 715
226 922
226 1312
226 1414
226 1798
226 1992
226 2123
226 2491
226 2799
226 2989
226 3352
226 3648
226 3733
227 26
227 519
227 738
227 914
227 1205
227 1407
227 1595
227 2083
227 2139
227 2532
227 2690
227 3045
227 3248
227 3571
227 3872
228 60
228 511
228 614
228 819
228 1152
228 1435
228 1841
228 1869
228 2358
228 2409
228 2700
228 3139
228 3291
228 3533
228 3761
229 117
229 408
229 649
229 849
229 1070
229 1442
229 1608
229 2004
229 2370
229 2384
229 2801
229 3146
229 3196
229 3625
229 3745
230 59
230 419
230 655
230 900
230 1101
230 1360
230 1627
230 2056
230 2340
230 2424
230 2745
230 3105
230 3214
230 3570
230 3885
231 23
231 475
231 667
231 1005
231 1226
231 1338
231 1646
231 2077
231 2271
231 2633
231 2709
231 3065
231 3271
231 3440
231 3932
232 44
232 445
232 747
232 865
232 1129
232 1501
232 1605
232 1986
232 2138
232 2401
232 2884
232 3147
232 3245
232 3611
232 3943
233 43
233 383
233 726
233 1032
233 1088
233 1567
233 1693
233 2103
233 2162
233 2524
233 2874
233 3133
233 3226
233 3681
233 3724
234 170
234 525
234 784
234 963
234 1281
234 1573
234 1671
234 2110
234 2350
234 2602
234 2879
234 3106
234 3177
234 3555
234 3782
235 135
235 477
235 617
235 1000
235 1177
235 1430
235 1793
235 1878
235 2324
235 2619
235 2849
235 3050
235 3191
235 3491
235 3846
236 21
236 376
236 737
236 1023
236 1085
236 1476
236 1787
236 2001
236 2213
236 2536
236 2699
236 3109
236 3220
236 3538
236 3837
237 62
237 488
237 580
237 836
237 1174
237 1489
237 1746
237 1995
237 2201
237 2620
237 2843
237 2967
237 3223
237 3457
237 3852
238 198
238 465
238 781
238 854
238 1207
238 1543
238 1823
238 1873
238 2327
238 2398
238 2663
238 3009
238 3195
238 3612
238 3787
239 127
239 352
239 704
239 909
239 1132
239 1568
239 1650
239 1981
239 2233
239 2614
239 2733
239 2999
239 3207
239 3557
239 3753
240 227
240 390
240 720
240 1046
240 1149
240 1530
240 1740
240 1927
240 2286
240 2608
240 2790
240 3111
240 3400
240 3447
240 3946
241 114
241 267
241 755
241 985
241 1211
241 1576
241 1644
241 1902
241 2262
241 2484
241 2659
241 3004
241 3331
241 3525
241 3812
242 250
242 297
242 631
242 1031
242 1228
242 1578
242 1819
242 2088
242 2354
242 2414
242 2658
242 3117
242 3267
242 3513
242 3927
243 257
243 453
243 709
243 845
243 1189
243 1506
243 1629
243 2061
243 2351
243 2511
243 2688
243 3076
243 3284
243 3467
243 3930
244 224
244 521
244 629
244 970
244 1314
244 1518
244 1607
244 1890
244 2204
244 2428
244 2824
244 3140
244 3329
244 3460
244 3742
245 211
245 354
245 596
245 1047
245 1097
245 1574
245 1772
245 1966
245 2135
245 2410
245 2876
245 2981
245 3235
245 3675
245 3725
246 29
246 361
246 641
246 1008
246 1252
246 1423
246 1719
246 2108
246 2129
246 2429
246 2689
246 2939
246 3281
246 3677
246 3861
247 118
247 523
247 684
247 1055
247 1113
247 1502
247 1585
247 2042
247 2158
247 2418
247 2901
247 3011
247 3353
247 3442
247 3895
248 72
248 490
248 742
248 873
248 1229
248 1358
248 1715
248 2104
248 2184
248 2623
248 2800
248 3086
248 3293
248 3493
248 3871
249 251
249 366
249 688
249 930
249 1168
249 1344
249 1635
249 1881
249 2241
249 2528
249 2743
249 2961
249 3212
249 3643
249 3845
250 136
250 357
250 612
250 1004
250 1249
250 1345
250 1718
250 2013
250 2183
250 2588
250 2900
250 2921
250 3246
250 3590
250 3807
251 32
251 351
251 753
251 1003
251 1162
251 1492
251 1666
251 1935
251 2244
251 2640
251 2787
251 3143
251 3227
251 3456
251 3816
252 167
252 440
252 531
252 887
252 1234
252 1382
252 1594
252 1956
252 2177
252 2592
252 2731
252 3118
252 3306
252 3520
252 3887
253 190
253 436
253 653
253 847
253 1307
253 1547
253 1703
253 1871
253 2250
253 2503
253 2675
253 3134
253 3171
253 3577
253 3902
254 31
254 282
254 679
254 949
254 1147
254 1556
254 1597
254 1980
254 2136
254 2610
254 2679
254 3034
254 3421
254 3588
254 3722
255 146
255 443
255 608
255 910
255 1117
255 1473
255 1663
255 1849
255 2210
255 2406
255 2717
255 2996
255 3298
255 3641
255 3707
256 96
256 520
256 622
256 823
256 1116
256 1438
256 1611
256 2022
256 2246
256 2621
256 2651
256 3168
256 3295
256 3656
256 3699
257 179
257 427
257 769
257 880
257 1151
257 1529
257 1678
257 2076
257 2142
257 2533
257 2668
257 2929
257 3320
257 3672
257 3697
258 137
258 421
258 543
258 1012
258 1182
258 1426
258 1687
258 1964
258 2235
258 2557
258 2887
258 3150
258 3262
258 3657
258 3797
259 77
259 417
259 571
259 809
259 1244
259 1577
259 1804
259 1858
259 2133
259 2481
259 2680
259 2976
259 3419
259 3686
259 3766
260 28
260 387
260 783
260 826
260 1072
260 1560
260 1744
260 2071
260 2269
260 2629
260 2734
260 3056
260 3420
260 3665
260 3928
261 82
261 489
261 767
261 996
261 1094
261 1326
261 1598
261 1855
261 2117
261 2518
261 2736
261 3142
261 3202
261 3605
261 3736
262 152
262 418
262 686
262 892
262 1076
262 1372
262 1832
262 1918
262 2343
262 2565
262 2793
262 3046
262 3224
262 3674
262 3748
263 10
263 328
263 701
263 945
263 1119
263 1558
263 1808
263 1953
263 2364
263 2415
263 2646
263 3020
263 3272
263 3540
263 3921
264 99
264 338
264 556
264 869
264 1057
264 1369
264 1711
264 1946
264 2341
264 2479
264 2785
264 3031
264 3199
264 3586
264 3919
1 4033
1 4205
1 4306
1 4459
1 4773
1 4941
1 5051
1 5233
1 5295
1 5585
1 5682
1 5871
1 5966
1 6121
1 6427
1 6460
1 6653
1 6891
1 7069
1 7100
1 7335
1 7519
1 7626
1 7757
2 4071
2 4224
2 4374
2 4530
2 4659
2 4898
2 4981
2 5198
2 5287
2 5481
2 5636
2 5935
2 6029
2 6141
2 6296
2 6593
2 6610
2 6848
2 6945
2 7165
2 7281
2 7478
2 7753
2 7765
3 4104
3 4197
3 4426
3 4514
3 4722
3 4859
3 4964
3 5235
3 5299
3 5555
3 5665
3 5824
3 6076
3 6153
3 6283
3 6452
3 6761
3 6912
3 7037
3 7176
3 7318
3 7474
3 7714
3 7917
4 4097
4 4246
4 4447
4 4527
4 4765
4 4932
4 5040
4 5153
4 5401
4 5596
4 5629
4 5831
4 6001
4 6198
4 6313
4 6438
4 6685
4 6817
4 7054
4 7153
4 7406
4 7541
4 7662
4 7879
5 4110
5 4221
5 4446
5 4479
5 4651
5 4793
5 5044
5 5134
5 5410
5 5462
5 5632
5 5838
5 6059
5 6149
5 6332
5 6487
5 6758
5 6773
5 7024
5 7217
5 7344
5 7582
5 7672
5 7866
6 4105
6 4129
6 4359
6 4463
6 4723
6 4875
6 4997
6 5129
6 5307
6 5526
6 5766
6 5832
6 6082
6 6246
6 6317
6 6589
6 6607
6 6769
6 6970
6 7216
6 7341
6 7453
6 7600
6 7898
7 4109
7 4250
7 4434
7 4517
7 4682
7 4796
7 5053
7 5117
7 5444
7 5528
7 5650
7 5940
7 6104
7 6180
7 6282
7 6531
7 6612
7 6786
7 7088
7 7203
7 7278
7 7588
7 7614
7 7770
8 4083
8 4237
8 4358
8 4472
8 4631
8 4835
8 5007
8 5152
8 5358
8 5551
8 5753
8 5869
8 5941
8 6238
8 6417
8 6536
8 6667
8 6863
8 6938
8 7112
8 7270
8 7450
8 7679
8 7823
9 4024
9 4137
9 4313
9 4572
9 4652
9 4922
9 5024
9 5208
9 5323
9 5490
9 5749
9 5813
9 6018
9 6236
9 6381
9 6513
9 6756
9 6791
9 7031
9 7189
9 7339
9 7528
9 7659
9 7840
10 3976
10 4138
10 4341
10 4607
10 4690
10 4816
10 5079
10 5243
10 5394
10 5602
10 5615
10 5852
10 6004
10 6205
10 6350
10 6492
10 6720
10 6766
10 6936
10 7135
10 7292
10 7527
10 7658
10 7859
11 4042
11 4199
11 4346
11 4502
11 4702
11 4840
11 5029
11 5176
11 5434
11 5493
11 5625
11 5930
11 6073
11 6239
11 6286
11 6507
11 6679
11 6918
11 7093
11 7128
11 7417
11 7429
11 7599
11 7789
12 4123
12 4178
12 4377
12 4592
12 4667
12 4801
12 5061
12 5181
12 5309
12 5575
12 5757
12 5806
12 5999
12 6152
12 6433
12 6488
12 6609
12 6906
12 7087
12 7205
12 7336
12 7440
12 7749
12 7822
13 4007
13 4215
13 4429
13 4615
13 4657
13 4908
13 5094
13 5182
13 5325
13 5497
13 5739
13 5861
13 5990
13 6169
13 6376
13 6489
13 6764
13 6870
13 7067
13 7125
13 7358
13 7575
13 7755
13 7905
14 4090
14 4176
14 4442
14 4618
14 4748
14 4821
14 5036
14 5263
14 5384
14 5447
14 5685
14 5918
14 5964
14 6108
14 6370
14 6491
14 6741
14 6872
14 6991
14 7097
14 7262
14 7566
14 7665
14 7882
15 4094
15 4142
15 4347
15 4580
15 4679
15 4944
15 5106
15 5171
15 5351
15 5542
15 5746
15 5874
15 6100
15 6139
15 6378
15 6455
15 6675
15 6910
15 7019
15 7136
15 7353
15 7448
15 7729
15 7872
16 4046
16 4163
16 4408
16 4532
16 4745
16 4828
16 5075
16 5265
16 5438
16 5548
16 5695
16 5802
16 6036
16 6124
16 6312
16 6508
16 6691
16 6904
16 7014
16 7170
16 7332
16 7458
16 7703
16 7919
17 4009
17 4287
17 4300
17 4474
17 4643
17 4900
17 5101
17 5204
17 5395
17 5516
17 5676
17 5855
17 6039
17 6228
17 6287
17 6511
17 6689
17 6833
17 7076
17 7187
17 7396
17 7557
17 7641
17 7817
18 4032
18 4241
18 4439
18 4528
18 4622
18 4844
18 5021
18 5248
18 5377
18 5469
18 5673
18 5789
18 6050
18 6245
18 6371
18 6591
18 6656
18 6902
18 7002
18 7195
18 7298
18 7518
18 7741
18 7809
19 3971
19 4254
19 4364
19 4467
19 4698
19 4855
19 5004
19 5274
19 5330
19 5487
19 5758
19 5906
19 6053
19 6201
19 6356
19 6450
19 6743
19 6883
19 7028
19 7174
19 7350
19 7581
19 7624
19 7838
20 4108
20 4132
20 4334
20 4488
20 4646
20 4851
20 5006
20 5161
20 5320
20 5537
20 5627
20 5917
20 6043
20 6204
20 6341
20 6598
20 6735
20 6894
20 6966
20 7144
20 7410
20 7431
20 7646
20 7785
21 3967
21 4219
21 4381
21 4566
21 4674
21 4797
21 5070
21 5211
21 5359
21 5465
21 5699
21 5782
21 6000
21 6128
21 6346
21 6525
21 6723
21 6896
21 6982
21 7257
21 7326
21 7477
21 7633
21 7867
22 4013
22 4244
22 4317
22 4583
22 4739
22 4806
22 5099
22 5220
22 5408
22 5488
22 5639
22 5899
22 6013
22 6231
22 6394
22 6585
22 6648
22 6920
22 7052
22 7134
22 7340
22 7494
22 7594
22 7835
23 4069
23 4248
23 4315
23 4460
23 4721
23 4933
23 5068
23 5277
23 5296
23 5446
23 5654
23 5879
23 6098
23 6137
23 6408
23 6600
23 6729
23 6821
23 6968
23 7247
23 7305
23 7438
23 7707
23 7862
24 4029
24 4274
24 4443
24 4552
24 4627
24 4947
24 4959
24 5164
24 5381
24 5476
24 5743
24 5872
24 5971
24 6202
24 6324
24 6546
24 6663
24 6826
24 7071
24 7220
24 7368
24 7486
24 7638
24 7886
25 4052
25 4202
25 4418
25 4503
25 4691
25 4825
25 5025
25 5217
25 5424
25 5543
25 5714
25 5779
25 5994
25 6170
25 6305
25 6555
25 6644
25 6837
25 7044
25 7218
25 7354
25 7505
25 7674
25 7779
26 4055
26 4253
26 4427
26 4525
26 4664
26 4866
26 4970
26 5276
26 5292
26 5556
26 5697
26 5937
26 6061
26 6226
26 6374
26 6501
26 6690
26 6775
26 7068
26 7132
26 7425
26 7499
26 7595
26 7756
27 4027
27 4264
27 4328
27 4495
27 4784
27 4837
27 4991
27 5130
27 5382
27 5460
27 5706
27 5904
27 6064
27 6127
27 6409
27 6485
27 6752
27 6905
27 6944
27 7229
27 7371
27 7490
27 7687
27 7912
28 3996
28 4236
28 4363
28 4542
28 4697
28 4902
28 4977
28 5147
28 5400
28 5485
28 5659
28 5931
28 5988
28 6253
28 6367
28 6482
28 6706
28 6835
28 7055
28 7178
28 7289
28 7488
28 7636
28 7803
29 4121
29 4134
29 4424
29 4482
29 4660
29 4950
29 5077
29 5135
29 5385
29 5582
29 5726
29 5867
29 5983
29 6174
29 6424
29 6552
29 6654
29 6840
29 7042
29 7151
29 7342
29 7543
29 7630
29 7805
30 3972
30 4139
30 4327
30 4487
30 4662
30 4787
30 4954
30 5250
30 5306
30 5610
30 5681
30 5939
30 6085
30 6237
30 6392
30 6437
30 6682
30 6849
30 6986
30 7222
30 7276
30 7537
30 7639
30 7910
31 3964
31 4258
31 4430
31 4536
31 4776
31 4925
31 5016
31 5190
31 5294
31 5553
31 5710
31 5851
31 6102
31 6131
31 6299
31 6556
31 6724
31 6781
31 6954
31 7120
31 7374
31 7565
31 7593
31 7758
32 4018
32 4191
32 4339
32 4500
32 4725
32 4833
32 5001
32 5242
32 5379
32 5570
32 5700
32 5916
32 5962
32 6230
32 6359
32 6594
32 6738
32 6895
32 6979
32 7140
32 7290
32 7498
32 7686
32 7799
33 4102
33 4172
33 4378
33 4558
33 4777
33 4823
33 4990
33 5121
33 5326
33 5603
33 5715
33 5811
33 5985
33 6161
33 6422
33 6494
33 6737
33 6928
33 6943
33 7226
33 7306
33 7430
33 7664
33 7762
34 3988
34 4281
34 4344
34 4510
34 4683
34 4876
34 4957
34 5262
34 5303
34 5546
34 5683
34 5903
34 5998
34 6144
34 6290
34 6566
34 6611
34 6789
34 6969
34 7193
34 7323
34 7558
34 7640
34 7788
35 4089
35 4277
35 4444
35 4539
35 4693
35 4887
35 5034
35 5251
35 5428
35 5532
35 5704
35 5886
35 5942
35 6241
35 6307
35 6588
35 6606
35 6778
35 7039
35 7234
35 7312
35 7445
35 7711
35 7827
36 4005
36 4245
36 4304
36 4569
36 4749
36 4805
36 4953
36 5157
36 5288
36 5549
36 5653
36 5788
36 5987
36 6159
36 6385
36 6559
36 6714
36 6875
36 7048
36 7214
36 7362
36 7574
36 7615
36 7856
37 3965
37 4243
37 4422
37 4535
37 4647
37 4839
37 4989
37 5271
37 5445
37 5558
37 5638
37 5863
37 6032
37 6192
37 6301
37 6596
37 6695
37 6913
37 6976
37 7141
37 7399
37 7428
37 7620
37 7892
38 4118
38 4175
38 4417
38 4550
38 4771
38 4930
38 5055
38 5145
38 5317
38 5567
38 5643
38 5833
38 6030
38 6218
38 6348
38 6540
38 6719
38 6793
38 6960
38 7123
38 7284
38 7481
38 7694
38 7897
39 4101
39 4204
39 4391
39 4505
39 4628
39 4893
39 4995
39 5232
39 5417
39 5601
39 5672
39 5877
39 6047
39 6244
39 6429
39 6486
39 6703
39 6914
39 7036
39 7171
39 7330
39 7533
39 7644
39 7861
40 3961
40 4193
40 4318
40 4597
40 4706
40 4843
40 5091
40 5264
40 5304
40 5486
40 5735
40 5919
40 6015
40 6115
40 6342
40 6523
40 6664
40 6772
40 6932
40 7241
40 7288
40 7522
40 7635
40 7920
41 3974
41 4226
41 4437
41 4590
41 4728
41 4827
41 5063
41 5170
41 5393
41 5564
41 5691
41 5826
41 6079
41 6146
41 6410
41 6569
41 6762
41 6776
41 6940
41 7225
41 7355
41 7514
41 7683
41 7877
42 4073
42 4183
42 4322
42 4570
42 4688
42 4847
42 5015
42 5183
42 5368
42 5593
42 5734
42 5912
42 6026
42 6165
42 6335
42 6543
42 6608
42 6844
42 6937
42 7143
42 7411
42 7496
42 7713
42 7890
43 3987
43 4262
43 4384
43 4540
43 4716
43 4869
43 5076
43 5188
43 5362
43 5475
43 5754
43 5880
43 6012
43 6111
43 6413
43 6558
43 6623
43 6852
43 7049
43 7240
43 7271
43 7540
43 7708
43 7795
44 4113
44 4269
44 4299
44 4480
44 4669
44 4848
44 5012
44 5272
44 5331
44 5576
44 5725
44 5934
44 5958
44 6122
44 6279
44 6522
44 6636
44 6862
44 7015
44 7242
44 7280
44 7427
44 7722
44 7904
45 3963
45 4194
45 4294
45 4481
45 4639
45 4884
45 5113
45 5127
45 5413
45 5554
45 5751
45 5875
45 6017
45 6160
45 6396
45 6465
45 6602
45 6924
45 7086
45 7158
45 7379
45 7556
45 7688
45 7851
46 4045
46 4169
46 4349
46 4555
46 4772
46 4852
46 4992
46 5216
46 5311
46 5489
46 5750
46 5876
46 6072
46 6269
46 6421
46 6530
46 6676
46 6866
46 7089
46 7191
46 7360
46 7506
46 7607
46 7773
47 4072
47 4127
47 4360
47 4582
47 4743
47 4786
47 5082
47 5122
47 5344
47 5473
47 5617
47 5862
47 6062
47 6208
47 6352
47 6562
47 6605
47 6794
47 7018
47 7194
47 7303
47 7442
47 7709
47 7875
48 4100
48 4249
48 4404
48 4598
48 4782
48 4798
48 5027
48 5207
48 5402
48 5550
48 5762
48 5923
48 5954
48 6167
48 6379
48 6495
48 6613
48 6919
48 7006
48 7228
48 7347
48 7579
48 7745
48 7907
49 4031
49 4238
49 4376
49 4545
49 4738
49 4935
49 4985
49 5210
49 5346
49 5577
49 5623
49 5853
49 6101
49 6259
49 6360
49 6463
49 6718
49 6802
49 7083
49 7244
49 7385
49 7500
49 7699
49 7913
50 4091
50 4242
50 4441
50 4501
50 4638
50 4799
50 4969
50 5186
50 5347
50 5474
50 5731
50 5901
50 5976
50 6200
50 6418
50 6459
50 6666
50 6909
50 6998
50 7209
50 7267
50 7572
50 7625
50 7813
51 4049
51 4144
51 4325
51 4547
51 4779
51 4879
51 5060
51 5202
51 5414
51 5527
51 5613
51 5858
51 6034
51 6136
51 6397
51 6496
51 6616
51 6798
51 6947
51 7161
51 7376
51 7434
51 7712
51 7806
52 4019
52 4189
52 4425
52 4520
52 4670
52 4841
52 5043
52 5255
52 5318
52 5482
52 5733
52 5898
52 6052
52 6129
52 6398
52 6483
52 6697
52 6882
52 6974
52 7138
52 7380
52 7570
52 7661
52 7816
53 3970
53 4239
53 4449
53 4541
53 4644
53 4858
53 4973
53 5132
53 5308
53 5586
53 5684
53 5776
53 6024
53 6188
53 6327
53 6539
53 6733
53 6903
53 6962
53 7253
53 7311
53 7559
53 7642
53 7850
54 4011
54 4218
54 4398
54 4549
54 4759
54 4818
54 4999
54 5119
54 5301
54 5588
54 5705
54 5821
54 6035
54 6157
54 6434
54 6560
54 6700
54 6816
54 7092
54 7104
54 7418
54 7479
54 7705
54 7780
55 4099
55 4171
55 4385
55 4563
55 4720
55 4812
55 5049
55 5258
55 5322
55 5517
55 5768
55 5914
55 6020
55 6266
55 6326
55 6517
55 6715
55 6897
55 7038
55 7149
55 7319
55 7510
55 7696
55 7865
56 4056
56 4206
56 4352
56 4603
56 4710
56 4881
56 5065
56 5187
56 5284
56 5565
56 5674
56 5850
56 6084
56 6142
56 6294
56 6549
56 6742
56 6811
56 7057
56 7185
56 7285
56 7473
56 7608
56 7891
57 4030
57 4255
57 4370
57 4560
57 4655
57 4791
57 5008
57 5237
57 5360
57 5513
57 5689
57 5905
57 6003
57 6232
57 6304
57 6577
57 6708
57 6807
57 7021
57 7197
57 7365
57 7475
57 7726
57 7884
58 4050
58 4214
58 4400
58 4512
58 4735
58 4939
58 4956
58 5224
58 5290
58 5572
58 5687
58 5797
58 6009
58 6256
58 6344
58 6580
58 6711
58 6800
58 7056
58 7117
58 7382
58 7459
58 7719
58 7874
59 3969
59 4211
59 4319
59 4571
59 4747
59 4892
59 5071
59 5175
59 5297
59 5520
59 5716
59 5835
59 5943
59 6143
59 6354
59 6545
59 6739
59 6823
59 6994
59 7162
59 7356
59 7583
59 7717
59 7844
60 4006
60 4135
60 4303
60 4553
60 4624
60 4819
60 4972
60 5194
60 5361
60 5539
60 5755
60 5785
60 5945
60 6240
60 6358
60 6584
60 6688
60 6854
60 6984
60 7232
60 7383
60 7464
60 7619
60 7837
61 4124
61 4234
61 4348
61 4568
61 4767
61 4822
61 5090
61 5138
61 5315
61 5606
61 5764
61 5909
61 5950
61 6264
61 6321
61 6534
61 6658
61 6864
61 7007
61 7118
61 7397
61 7489
61 7697
61 7834
62 4068
62 4145
62 4298
62 4494
62 4656
62 4883
62 5111
62 5213
62 5371
62 5499
62 5719
62 5817
62 5997
62 6214
62 6297
62 6575
62 6657
62 6796
62 7091
62 7237
62 7393
62 7580
62 7648
62 7846
63 4054
63 4150
63 4320
63 4538
63 4752
63 4917
63 5000
63 5173
63 5356
63 5455
63 5701
63 5847
63 5968
63 6223
63 6425
63 6444
63 6642
63 6814
63 6949
63 7157
63 7268
63 7446
63 7676
63 7860
64 4107
64 4265
64 4354
64 4579
64 4623
64 4870
64 5028
64 5131
64 5316
64 5479
64 5732
64 5830
64 6010
64 6186
64 6389
64 6470
64 6753
64 6907
64 6980
64 7199
64 7422
64 7491
64 7610
64 7908
65 3995
65 4166
65 4343
65 4584
65 4673
65 4943
65 5089
65 5205
65 5285
65 5449
65 5648
65 5839
65 6005
65 6151
65 6278
65 6449
65 6746
65 6768
65 7029
65 7147
65 7286
65 7544
65 7727
65 7802
66 4001
66 4220
66 4419
66 4456
66 4625
66 4811
66 5037
66 5223
66 5355
66 5468
66 5713
66 5892
66 6040
66 6110
66 6281
66 6570
66 6670
66 6825
66 6995
66 7192
66 7408
66 7578
66 7651
66 7832
67 3968
67 4271
67 4394
67 4581
67 4757
67 4878
67 5046
67 5236
67 5391
67 5523
67 5652
67 5808
67 6083
67 6211
67 6338
67 6583
67 6630
67 6915
67 6992
67 7230
67 7315
67 7457
67 7690
67 7829
68 4057
68 4223
68 4431
68 4595
68 4636
68 4820
68 5104
68 5148
68 5342
68 5589
68 5712
68 5828
68 6037
68 6172
68 6416
68 6576
68 6684
68 6868
68 6977
68 7201
68 7291
68 7571
68 7653
68 7885
69 4023
69 4272
69 4345
69 4491
69 4634
69 4914
69 5066
69 5154
69 5349
69 5511
69 5658
69 5837
69 6041
69 6181
69 6373
69 6571
69 6710
69 6858
69 6961
69 7175
69 7384
69 7553
69 7744
69 7796
70 4028
70 4210
70 4452
70 4461
70 4649
70 4882
70 4974
70 5196
70 5339
70 5504
70 5649
70 5798
70 5973
70 6203
70 6372
70 6567
70 6634
70 6893
70 6983
70 7098
70 7313
70 7493
70 7666
70 7781
71 3962
71 4270
71 4357
71 4486
71 4761
71 4901
71 5014
71 5197
71 5380
71 5536
71 5727
71 5805
71 5952
71 6199
71 6420
71 6454
71 6698
71 6908
71 7082
71 7181
71 7400
71 7432
71 7613
71 7901
72 4084
72 4290
72 4412
72 4519
72 4737
72 4894
72 5022
72 5209
72 5350
72 5478
72 5744
72 5854
72 5946
72 6234
72 6319
72 6502
72 6637
72 6795
72 6996
72 7163
72 7293
72 7511
72 7675
72 7778
73 4020
73 4228
73 4448
73 4506
73 4672
73 4846
73 4980
73 5191
73 5390
73 5535
73 5709
73 5818
73 5981
73 6194
73 6333
73 6468
73 6759
73 6819
73 7077
73 7121
73 7337
73 7524
73 7618
73 7836
74 4000
74 4168
74 4295
74 4609
74 4763
74 4857
74 4986
74 5136
74 5353
74 5590
74 5628
74 5907
74 6033
74 6267
74 6298
74 6597
74 6640
74 6770
74 7022
74 7102
74 7398
74 7512
74 7654
74 7871
75 4064
75 4251
75 4326
75 4490
75 4704
75 4913
75 5003
75 5222
75 5443
75 5561
75 5722
75 5920
75 6096
75 6210
75 6325
75 6478
75 6624
75 6797
75 6965
75 7109
75 7261
75 7463
75 7704
75 7894
76 3983
76 4181
76 4372
76 4462
76 4678
76 4886
76 5013
76 5218
76 5329
76 5498
76 5741
76 5890
76 6060
76 6187
76 6369
76 6579
76 6745
76 6861
76 6967
76 7256
76 7272
76 7439
76 7612
76 7812
77 4002
77 4153
77 4301
77 4466
77 4696
77 4877
77 5045
77 5124
77 5341
77 5563
77 5660
77 5896
77 6042
77 6107
77 6383
77 6466
77 6709
77 6829
77 7074
77 7210
77 7390
77 7545
77 7754
77 7888
78 3999
78 4154
78 4450
78 4585
78 4731
78 4926
78 4958
78 5227
78 5328
78 5560
78 5694
78 5888
78 6099
78 6150
78 6428
78 6564
78 6652
78 6930
78 6959
78 7219
78 7328
78 7542
78 7668
78 7900
79 3991
79 4257
79 4296
79 4458
79 4699
79 4788
79 5103
79 5151
79 5398
79 5580
79 5651
79 5865
79 5947
79 6179
79 6411
79 6446
79 6672
79 6889
79 7026
79 7231
79 7269
79 7525
79 7669
79 7824
80 4008
80 4126
80 4436
80 4551
80 4726
80 4831
80 5054
80 5158
80 5403
80 5484
80 5761
80 5816
80 6103
80 6258
80 6320
80 6469
80 6641
80 6812
80 7003
80 7099
80 7324
80 7461
80 7656
80 7801
81 3977
81 4283
81 4332
81 4518
81 4774
81 4824
81 5114
81 5125
81 5345
81 5477
81 5645
81 5787
81 6038
81 6193
81 6337
81 6440
81 6660
81 6827
81 7034
81 7168
81 7329
81 7561
81 7604
81 7771
82 4092
82 4136
82 4366
82 4574
82 4758
82 4803
82 5086
82 5254
82 5282
82 5501
82 5702
82 5801
82 5979
82 6261
82 6351
82 6505
82 6749
82 6810
82 7047
82 7182
82 7415
82 7536
82 7742
82 7793
83 4125
83 4278
83 4369
83 4485
83 4709
83 4804
83 5042
83 5165
83 5396
83 5525
83 5728
83 5921
83 6066
83 6158
83 6300
83 6493
83 6734
83 6917
83 7078
83 7245
83 7388
83 7455
83 7698
83 7790
84 4066
84 4146
84 4406
84 4493
84 4701
84 4802
84 5058
84 5141
84 5291
84 5569
84 5634
84 5910
84 5961
84 6119
84 6423
84 6529
84 6693
84 6782
84 7075
84 7146
84 7381
84 7466
84 7693
84 7760
85 4098
85 4156
85 4410
85 4575
85 4648
85 4834
85 5033
85 5215
85 5374
85 5581
85 5736
85 5780
85 6090
85 6155
85 6365
85 6456
85 6629
85 6885
85 7065
85 7145
85 7389
85 7560
85 7617
85 7880
86 4085
86 4267
86 4331
86 4524
86 4780
86 4849
86 5096
86 5244
86 5429
86 5534
86 5616
86 5807
86 5959
86 6184
86 6311
86 6462
86 6731
86 6818
86 7072
86 7124
86 7314
86 7435
86 7752
86 7783
87 4061
87 4162
87 4329
87 4499
87 4675
87 4853
87 5100
87 5257
87 5312
87 5461
87 5671
87 5902
87 5951
87 6134
87 6349
87 6551
87 6662
87 6805
87 7051
87 7108
87 7357
87 7532
87 7637
87 7775
88 4080
88 4147
88 4324
88 4602
88 4741
88 4889
88 4976
88 5155
88 5338
88 5583
88 5656
88 5927
88 6006
88 6219
88 6295
88 6475
88 6717
88 6888
88 7005
88 7249
88 7378
88 7502
88 7650
88 7768
89 4026
89 4188
89 4382
89 4610
89 4718
89 4854
89 4965
89 5133
89 5441
89 5451
89 5737
89 5846
89 6016
89 6242
89 6391
89 6503
89 6732
89 6921
89 6993
89 7142
89 7299
89 7515
89 7734
89 7839
90 4058
90 4164
90 4314
90 4469
90 4629
90 4936
90 5017
90 5206
90 5335
90 5495
90 5772
90 5848
90 5980
90 6140
90 6303
90 6473
90 6701
90 6916
90 7053
90 7260
90 7413
90 7523
90 7627
90 7777
91 3982
91 4276
91 4309
91 4600
91 4742
91 4897
91 4961
91 5128
91 5332
91 5609
91 5747
91 5809
91 5944
91 6154
91 6331
91 6467
91 6680
91 6799
91 6939
91 7127
91 7295
91 7492
91 7716
91 7887
92 4093
92 4227
92 4428
92 4492
92 4642
92 4924
92 5081
92 5241
92 5442
92 5547
92 5745
92 5794
92 6071
92 6114
92 6318
92 6442
92 6619
92 6860
92 7064
92 7246
92 7302
92 7539
92 7652
92 7881
93 3994
93 4286
93 4380
93 4567
93 4751
93 4888
93 5031
93 5278
93 5327
93 5568
93 5773
93 5881
93 6087
93 6116
93 6315
93 6573
93 6650
93 6922
93 7058
93 7243
93 7308
93 7529
93 7623
93 7914
94 4040
94 4190
94 4350
94 4588
94 4708
94 4836
94 5072
94 5123
94 5281
94 5483
94 5642
94 5815
94 5967
94 6270
94 6401
94 6510
94 6683
94 6822
94 7004
94 7180
94 7334
94 7538
94 7731
94 7853
95 4012
95 4217
95 4342
95 4611
95 4785
95 4861
95 5020
95 5231
95 5373
95 5507
95 5669
95 5790
95 6077
95 6207
95 6292
95 6506
95 6671
95 6767
95 6997
95 7105
95 7370
95 7485
95 7680
95 7791
96 3980
96 4284
96 4435
96 4457
96 4630
96 4873
96 5032
96 5229
96 5289
96 5599
96 5748
96 5915
96 6070
96 6120
96 6273
96 6528
96 6757
96 6804
96 6941
96 7126
96 7407
96 7449
96 7671
96 7784
97 4021
97 4201
97 4383
97 4504
97 4632
97 4949
97 4983
97 5266
97 5415
97 5592
97 5667
97 5897
97 6022
97 6189
97 6345
97 6590
97 6645
97 6830
97 7012
97 7150
97 7333
97 7444
97 7736
97 7810
98 4103
98 4225
98 4405
98 4562
98 4746
98 4860
98 5056
98 5240
98 5367
98 5463
98 5774
98 5913
98 6074
98 6126
98 6366
98 6436
98 6674
98 6801
98 7000
98 7173
98 7377
98 7569
98 7718
98 7845
99 3978
99 4231
99 4323
99 4587
99 4756
99 4794
99 5069
99 5273
99 5411
99 5529
99 5756
99 5911
99 6089
99 6197
99 6330
99 6561
99 6750
99 6869
99 6950
99 7223
99 7345
99 7497
99 7601
99 7764
100 4120
100 4233
100 4416
100 4464
100 4661
100 4946
100 5052
100 5180
100 5375
100 5506
100 5612
100 5878
100 6025
100 6195
100 6368
100 6521
100 6603
100 6815
100 6978
100 7172
100 7402
100 7468
100 7728
100 7916
101 4070
101 4207
101 4393
101 4565
101 4684
101 4903
101 5038
101 5120
101 5392
101 5541
101 5690
101 5827
101 6055
101 6183
101 6355
101 6565
101 6705
101 6867
101 6934
101 7224
101 7405
101 7471
101 7597
101 7903
102 4116
102 4263
102 4392
102 4523
102 4641
102 4842
102 4987
102 5253
102 5432
102 5591
102 5677
102 5929
102 6094
102 6251
102 6280
102 6447
102 6721
102 6853
102 6975
102 7156
102 7366
102 7549
102 7725
102 7889
103 4115
103 4148
103 4389
103 4554
103 4724
103 4905
103 5110
103 5230
103 5397
103 5471
103 5655
103 5891
103 6056
103 6156
103 6390
103 6479
103 6621
103 6843
103 6933
103 7254
103 7372
103 7546
103 7622
103 7863
104 4067
104 4180
104 4367
104 4577
104 4654
104 4832
104 5018
104 5116
104 5405
104 5458
104 5619
104 5868
104 6065
104 6220
104 6405
104 6504
104 6618
104 6809
104 6953
104 7235
104 7391
104 7482
104 7660
104 7854
105 4015
105 4130
105 4386
105 4529
105 4770
105 4845
105 4998
105 5228
105 5436
105 5466
105 5765
105 5795
105 6063
105 6112
105 6415
105 6518
105 6694
105 6806
105 7010
105 7154
105 7265
105 7530
105 7751
105 7841
106 4016
106 4152
106 4335
106 4465
106 4671
106 4862
106 5064
106 5179
106 5319
106 5491
106 5620
106 5799
106 5955
106 6123
106 6402
106 6548
106 6614
106 6850
106 7090
106 7227
106 7375
106 7586
106 7689
106 7763
107 4034
107 4173
107 4336
107 4513
107 4668
107 4813
107 5105
107 5234
107 5337
107 5533
107 5631
107 5777
107 6081
107 6135
107 6377
107 6481
107 6668
107 6886
107 7079
107 7130
107 7294
107 7483
107 7706
107 7902
108 4074
108 4151
108 4302
108 4620
108 4626
108 4864
108 4978
108 5252
108 5383
108 5595
108 5641
108 5841
108 6093
108 6268
108 6382
108 6498
108 6704
108 6857
108 6958
108 7252
108 7421
108 7454
108 7677
108 7868
109 3998
109 4128
109 4308
109 4564
109 4703
109 4928
109 5026
109 5261
109 5418
109 5480
109 5771
109 5889
109 5989
109 6233
109 6343
109 6458
109 6639
109 6790
109 7046
109 7169
109 7363
109 7521
109 7643
109 7909
110 4114
110 4209
110 4455
110 4508
110 4658
110 4863
110 5102
110 5169
110 5313
110 5512
110 5729
110 5938
110 6057
110 6191
110 6414
110 6451
110 6692
110 6774
110 6948
110 7248
110 7338
110 7585
110 7700
110 7821
111 3981
111 4212
111 4330
111 4476
111 4766
111 4942
111 5048
111 5249
111 5369
111 5557
111 5621
111 5870
111 5992
111 6118
111 6302
111 6554
111 6730
111 6841
111 7070
111 7233
111 7423
111 7547
111 7730
111 7819
112 4038
112 4252
112 4337
112 4537
112 4734
112 4830
112 4968
112 5172
112 5343
112 5524
112 5730
112 5845
112 6068
112 6190
112 6407
112 6484
112 6647
112 6836
112 7030
112 7258
112 7264
112 7447
112 7667
112 7814
113 3975
113 4170
113 4403
113 4608
113 4727
113 4872
113 5095
113 5212
113 5427
113 5467
113 5668
113 5834
113 5972
113 6255
113 6361
113 6476
113 6651
113 6777
113 6999
113 7188
113 7414
113 7487
113 7710
113 7828
114 4075
114 4208
114 4387
114 4507
114 4733
114 4907
114 4994
114 5166
114 5416
114 5514
114 5640
114 5842
114 5982
114 6213
114 6336
114 6448
114 6620
114 6859
114 7025
114 7122
114 7420
114 7554
114 7592
114 7767
115 3973
115 4285
115 4423
115 4478
115 4645
115 4856
115 4960
115 5259
115 5388
115 5552
115 5707
115 5812
115 6078
115 6257
115 6400
115 6595
115 6713
115 6884
115 7095
115 7200
115 7387
115 7535
115 7657
115 7786
116 4048
116 4268
116 4312
116 4614
116 4689
116 4871
116 4966
116 5159
116 5420
116 5566
116 5663
116 5936
116 6105
116 6168
116 6334
116 6464
116 6638
116 6876
116 7059
116 7166
116 7349
116 7589
116 7605
116 7858
117 4063
117 4256
117 4451
117 4544
117 4695
117 4911
117 5107
117 5269
117 5437
117 5597
117 5662
117 5800
117 5993
117 6171
117 6275
117 6490
117 6763
117 6874
117 7085
117 7206
117 7309
117 7484
117 7684
117 7852
118 4086
118 4213
118 4353
118 4484
118 4769
118 4929
118 4982
118 5256
118 5406
118 5522
118 5763
118 5792
118 5960
118 6263
118 6285
118 6443
118 6727
118 6881
118 7017
118 7137
118 7343
118 7567
118 7738
118 7794
119 3986
119 4261
119 4293
119 4612
119 4677
119 4918
119 5074
119 5146
119 5387
119 5545
119 5680
119 5810
119 5977
119 6224
119 6277
119 6578
119 6626
119 6832
119 6955
119 7164
119 7359
119 7436
119 7649
119 7815
120 4096
120 4133
120 4307
120 4511
120 4729
120 4790
120 5078
120 5203
120 5363
120 5509
120 5666
120 5836
120 6069
120 6173
120 6388
120 6586
120 6627
120 6856
120 7060
120 7236
120 7297
120 7552
120 7673
120 7772
121 3997
121 4174
121 4438
121 4468
121 4750
121 4948
121 5035
121 5156
121 5426
121 5562
121 5635
121 5825
121 6067
121 6260
121 6271
121 6453
121 6681
121 6780
121 6990
121 7096
121 7273
121 7467
121 7715
121 7759
122 4095
122 4141
122 4440
122 4531
122 4714
122 4808
122 4962
122 5245
122 5286
122 5521
122 5670
122 5856
122 6008
122 6109
122 6288
122 6544
122 6622
122 6785
122 6935
122 7207
122 7301
122 7548
122 7732
122 7849
123 4060
123 4288
123 4433
123 4616
123 4713
123 4937
123 5010
123 5178
123 5439
123 5604
123 5724
123 5922
123 6046
123 6252
123 6419
123 6574
123 6677
123 6887
123 7008
123 7202
123 7409
123 7551
123 7591
123 7883
124 4022
124 4160
124 4311
124 4586
124 4778
124 4940
124 5093
124 5280
124 5293
124 5607
124 5626
124 5840
124 5963
124 6229
124 6380
124 6592
124 6699
124 6846
124 6989
124 7179
124 7275
124 7437
124 7621
124 7825
125 4117
125 4167
125 4421
125 4606
125 4781
125 4909
125 4963
125 5189
125 5305
125 5459
125 5679
125 5849
125 5986
125 6262
125 6426
125 6520
125 6669
125 6838
125 7084
125 7184
125 7424
125 7495
125 7663
125 7876
126 4076
126 4187
126 4379
126 4546
126 4717
126 4896
126 4967
126 5168
126 5336
126 5457
126 5721
126 5924
126 5969
126 6176
126 6364
126 6500
126 6725
126 6783
126 6964
126 7111
126 7403
126 7563
126 7655
126 7769
127 4081
127 4230
127 4407
127 4471
127 4666
127 4923
127 4951
127 5126
127 5412
127 5505
127 5630
127 5873
127 6054
127 6117
127 6399
127 6532
127 6661
127 6834
127 7032
127 7211
127 7304
127 7577
127 7691
127 7766
128 4036
128 4229
128 4415
128 4591
128 4640
128 4912
128 4975
128 5162
128 5283
128 5470
128 5624
128 5866
128 6045
128 6222
128 6353
128 6572
128 6760
128 6890
128 6973
128 7106
128 7321
128 7573
128 7616
128 7787
129 3979
129 4216
129 4291
129 4526
129 4633
129 4810
129 4952
129 5139
129 5324
129 5587
129 5718
129 5784
129 6097
129 6249
129 6316
129 6472
129 6712
129 6788
129 7080
129 7183
129 7263
129 7480
129 7603
129 7818
130 4039
130 4143
130 4305
130 4594
130 4705
130 4838
130 5057
130 5195
130 5300
130 5600
130 5661
130 5894
130 6075
130 6113
130 6375
130 6480
130 6628
130 6911
130 7081
130 7196
130 7352
130 7590
130 7720
130 7918
131 4078
131 4260
131 4297
131 4573
131 4694
131 4890
131 5073
131 5268
131 5419
131 5538
131 5723
131 5820
131 6002
131 6166
131 6430
131 6550
131 6631
131 6828
131 7001
131 7107
131 7367
131 7562
131 7724
131 7915
132 4014
132 4159
132 4362
132 4589
132 4730
132 4815
132 5098
132 5199
132 5435
132 5450
132 5686
132 5804
132 5953
132 6206
132 6293
132 6535
132 6635
132 6779
132 7041
132 7155
132 7274
132 7460
132 7634
132 7847
133 4035
133 4185
133 4454
133 4601
133 4692
133 4945
133 5092
133 5246
133 5389
133 5496
133 5775
133 5822
133 6021
133 6227
133 6322
133 6441
133 6728
133 6878
133 7094
133 7116
133 7348
133 7433
133 7606
133 7807
134 4119
134 4179
134 4399
134 4533
134 4686
134 4850
134 5087
134 5192
134 5421
134 5574
134 5675
134 5786
134 6019
134 6138
134 6340
134 6527
134 6625
134 6929
134 7066
134 7160
134 7395
134 7509
134 7695
134 7911
135 4062
135 4182
135 4340
135 4605
135 4740
135 4895
135 5062
135 5267
135 5364
135 5472
135 5657
135 5885
135 6049
135 6164
135 6362
135 6541
135 6702
135 6892
135 7016
135 7148
135 7316
135 7516
135 7748
135 7826
136 4043
136 4275
136 4420
136 4559
136 4663
136 4817
136 4979
136 5150
136 5372
136 5448
136 5611
136 5829
136 6048
136 6196
136 6272
136 6519
136 6707
136 6824
136 7035
136 7239
136 7373
136 7587
136 7632
136 7782
137 3966
137 4157
137 4292
137 4509
137 4712
137 4931
137 5009
137 5225
137 5430
137 5500
137 5703
137 5925
137 6011
137 6147
137 6328
137 6537
137 6686
137 6787
137 7062
137 7177
137 7282
137 7462
137 7701
137 7869
138 4087
138 4149
138 4316
138 4548
138 4715
138 4906
138 5050
138 5137
138 5354
138 5531
138 5647
138 5932
138 5948
138 6248
138 6289
138 6457
138 6748
138 6855
138 7073
138 7198
138 7392
138 7526
138 7692
138 7906
139 4037
139 4161
139 4411
139 4516
139 4700
139 4807
139 4996
139 5200
139 5340
139 5594
139 5767
139 5778
139 6051
139 6265
139 6310
139 6516
139 6601
139 6813
139 6963
139 7114
139 7386
139 7576
139 7747
139 7895
140 4082
140 4140
140 4396
140 4483
140 4685
140 4867
140 5041
140 5143
140 5376
140 5515
140 5633
140 5796
140 6023
140 6217
140 6432
140 6542
140 6632
140 6900
140 7033
140 7159
140 7317
140 7564
140 7735
140 7808
141 4079
141 4289
141 4390
141 4576
141 4637
141 4904
141 5059
141 5185
141 5302
141 5579
141 5708
141 5933
141 6095
141 6185
141 6276
141 6515
141 6643
141 6803
141 6956
141 7213
141 7394
141 7513
141 7629
141 7830
142 4003
142 4155
142 4445
142 4497
142 4768
142 4865
142 5088
142 5238
142 5386
142 5454
142 5770
142 5926
142 6086
142 6209
142 6274
142 6474
142 6722
142 6820
142 6942
142 7204
142 7266
142 7534
142 7743
142 7864
143 3990
143 4192
143 4351
143 4561
143 4665
143 4927
143 5002
143 5279
143 5333
143 5608
143 5742
143 5781
143 6031
143 6215
143 6329
143 6445
143 6604
143 6831
143 7050
143 7251
143 7322
143 7472
143 7723
143 7774
144 4044
144 4158
144 4401
144 4599
144 4719
144 4934
144 4984
144 5163
144 5352
144 5584
144 5760
144 5857
144 6058
144 6178
144 6387
144 6581
144 6696
144 6845
144 6987
144 7131
144 7412
144 7550
144 7702
144 7893
145 4047
145 4195
145 4402
145 4613
145 4676
145 4868
145 5084
145 5142
145 5348
145 5508
145 5752
145 5908
145 5991
145 6216
145 6384
145 6439
145 6736
145 6871
145 7009
145 7110
145 7325
145 7465
145 7647
145 7855
146 4106
146 4203
146 4310
146 4593
146 4653
146 4829
146 5083
146 5193
146 5298
146 5456
146 5693
146 5791
146 6092
146 6130
146 6431
146 6568
146 6754
146 6784
146 7027
146 7119
146 7401
146 7443
146 7682
146 7878
147 3985
147 4282
147 4414
147 4596
147 4762
147 4921
147 5080
147 5247
147 5409
147 5544
147 5614
147 5803
147 6028
147 6221
147 6435
147 6547
147 6678
147 6899
147 7063
147 7139
147 7277
147 7503
147 7598
147 7776
148 4041
148 4198
148 4388
148 4543
148 4621
148 4920
148 5047
148 5149
148 5407
148 5492
148 5740
148 5884
148 6088
148 6254
148 6309
148 6497
148 6665
148 6842
148 6957
148 7190
148 7361
148 7508
148 7685
148 7857
149 3992
149 4186
149 4395
149 4477
149 4680
149 4789
149 5019
149 5214
149 5310
149 5452
149 5738
149 5864
149 5975
149 6148
149 6306
149 6471
149 6747
149 6927
149 6988
149 7113
149 7279
149 7456
149 7733
149 7848
150 4077
150 4131
150 4368
150 4619
150 4753
150 4826
150 4993
150 5177
150 5431
150 5519
150 5711
150 5823
150 6044
150 6247
150 6284
150 6509
150 6655
150 6923
150 7045
150 7167
150 7300
150 7504
150 7739
150 7896
151 4010
151 4200
151 4373
151 4604
151 4711
151 4809
151 5112
151 5160
151 5314
151 5494
151 5644
151 5843
151 5965
151 6133
151 6323
151 6557
151 6726
151 6877
151 7040
151 7208
151 7404
151 7469
151 7746
151 7761
152 4059
152 4177
152 4453
152 4515
152 4707
152 4792
152 5030
152 5219
152 5404
152 5605
152 5664
152 5860
152 6007
152 6250
152 6395
152 6582
152 6617
152 6926
152 6981
152 7103
152 7310
152 7568
152 7721
152 7800
153 4017
153 4184
153 4355
153 4498
153 4736
153 4910
153 4988
153 5118
153 5425
153 5503
153 5769
153 5900
153 5995
153 6212
153 6412
153 6524
153 6633
153 6901
153 6971
153 7129
153 7320
153 7520
153 7681
153 7833
154 4051
154 4280
154 4321
154 4473
154 4744
154 4800
154 5097
154 5140
154 5399
154 5540
154 5646
154 5859
154 6080
154 6132
154 6393
154 6461
154 6740
154 6808
154 6985
154 7255
154 7416
154 7476
154 7628
154 7804
155 3989
155 4222
155 4365
155 4489
155 4732
155 4919
155 5023
155 5270
155 5423
155 5559
155 5622
155 5844
155 5956
155 6182
155 6386
155 6533
155 6615
155 6925
155 7020
155 7259
155 7287
155 7441
155 7609
155 7820
156 3993
156 4235
156 4397
156 4556
156 4775
156 4814
156 5005
156 5239
156 5366
156 5464
156 5698
156 5882
156 5957
156 6145
156 6403
156 6514
156 6744
156 6898
156 7013
156 7212
156 7364
156 7426
156 7631
156 7798
157 4065
157 4240
157 4338
157 4534
157 4681
157 4885
157 5039
157 5201
157 5370
157 5518
157 5692
157 5893
157 5996
157 6163
157 6291
157 6599
157 6765
157 6879
157 7023
157 7133
157 7351
157 7452
157 7645
157 7842
158 4053
158 4259
158 4432
158 4522
158 4764
158 4899
158 5108
158 5221
158 5433
158 5510
158 5637
158 5895
158 5949
158 6177
158 6406
158 6553
158 6716
158 6865
158 7011
158 7221
158 7296
158 7531
158 7740
158 7899
159 4122
159 4232
159 4333
159 4470
159 4755
159 4938
159 5011
159 5174
159 5357
159 5578
159 5696
159 5819
159 5984
159 6125
159 6363
159 6477
159 6646
159 6771
159 7061
159 7215
159 7327
159 7517
159 7737
159 7792
160 4004
160 4273
160 4413
160 4475
160 4783
160 4915
160 5085
160 5226
160 5440
160 5530
160 5720
160 5928
160 5974
160 6235
160 6357
160 6512
160 6751
160 6839
160 6951
160 7115
160 7331
160 7451
160 7596
160 7797
161 4088
161 4266
161 4409
161 4578
161 4760
161 4874
161 4971
161 5260
161 5365
161 5453
161 5717
161 5793
161 6014
161 6175
161 6347
161 6526
161 6687
161 6847
161 7043
161 7238
161 7307
161 7501
161 7670
161 7873
162 3984
162 4247
162 4375
162 4557
162 4687
162 4795
162 5109
162 5144
162 5378
162 5573
162 5618
162 5887
162 5978
162 6106
162 6314
162 6587
162 6649
162 6880
162 6952
162 7152
162 7419
162 7470
162 7602
162 7843
163 4025
163 4196
163 4371
163 4617
163 4635
163 4916
163 5067
163 5275
163 5422
163 5598
163 5759
163 5883
163 6091
163 6225
163 6308
163 6499
163 6755
163 6851
163 6972
163 7101
163 7283
163 7555
163 7750
163 7870
164 4111
164 4279
164 4356
164 4496
164 4754
164 4891
164 4955
164 5167
164 5334
164 5502
164 5688
164 5814
164 6027
164 6162
164 6339
164 6538
164 6659
164 6792
164 6946
164 7186
164 7346
164 7584
164 7611
164 7831
165 4112
165 4165
165 4361
165 4521
165 4650
165 4880
165 5115
165 5184
165 5321
165 5571
165 5678
165 5783
165 5970
165 6243
165 6404
165 6563
165 6673
165 6873
165 6931
165 7250
165 7369
165 7507
165 7678
165 7811
