0 1 
224 140 
15 24 
1 160
1 337
1 482
1 690
1 1026
1 1234
1 1456
1 1639
1 1943
1 2237
1 2399
1 2545
1 2727
1 3061
1 3186
2 192
2 237
2 519
2 769
2 908
2 1238
2 1567
2 1784
2 1858
2 2184
2 2249
2 2524
2 2737
2 3134
2 3160
3 90
3 233
3 594
3 752
3 918
3 1139
3 1546
3 1736
3 1904
3 2155
3 2461
3 2532
3 2821
3 3084
3 3213
4 104
4 416
4 559
4 792
4 1109
4 1306
4 1540
4 1623
4 1844
4 2127
4 2398
4 2491
4 2783
4 3028
4 3338
5 82
5 364
5 660
5 804
5 994
5 1295
5 1468
5 1699
5 1871
5 2113
5 2435
5 2597
5 2751
5 2937
5 3247
6 27
6 362
6 663
6 737
6 902
6 1319
6 1392
6 1690
6 1895
6 2114
6 2415
6 2621
6 2724
6 2913
6 3350
7 43
7 435
7 573
7 730
7 977
7 1201
7 1482
7 1612
7 1927
7 2097
7 2336
7 2546
7 2745
7 3014
7 3206
8 16
8 339
8 473
8 707
8 1091
8 1258
8 1532
8 1591
8 1985
8 2174
8 2262
8 2681
8 2889
8 2998
8 3239
9 85
9 354
9 657
9 868
9 972
9 1302
9 1445
9 1693
9 2011
9 2042
9 2292
9 2507
9 2868
9 2996
9 3356
10 194
10 328
10 656
10 810
10 1083
10 1323
10 1387
10 1679
10 1937
10 2162
10 2271
10 2568
10 2704
10 2970
10 3270
11 38
11 404
11 472
11 765
11 1052
11 1179
11 1442
11 1647
11 1978
11 2196
11 2426
11 2511
11 2707
11 2947
11 3266
12 69
12 397
12 659
12 750
12 1071
12 1159
12 1347
12 1621
12 1980
12 2095
12 2381
12 2629
12 2765
12 3129
12 3220
13 165
13 394
13 555
13 784
13 1014
13 1273
13 1371
13 1692
13 1969
13 2221
13 2379
13 2685
13 2881
13 3045
13 3360
14 71
14 317
14 603
14 748
14 1096
14 1230
14 1426
14 1597
14 1896
14 2148
14 2278
14 2622
14 2690
14 3016
14 3146
15 73
15 315
15 542
15 842
15 903
15 1332
15 1363
15 1755
15 2012
15 2125
15 2346
15 2591
15 2736
15 2923
15 3217
16 23
16 409
16 672
16 770
16 947
16 1163
16 1547
16 1594
16 1944
16 2238
16 2451
16 2606
16 2892
16 3078
16 3353
17 78
17 390
17 460
17 678
17 904
17 1145
17 1564
17 1739
17 1918
17 2143
17 2272
17 2632
17 2729
17 2964
17 3228
18 184
18 388
18 639
18 715
18 946
18 1187
18 1446
18 1711
18 1887
18 2158
18 2338
18 2471
18 2899
18 3003
18 3193
19 186
19 384
19 580
19 721
19 1069
19 1232
19 1554
19 1642
19 1993
19 2222
19 2375
19 2645
19 2862
19 3128
19 3171
20 42
20 262
20 640
20 766
20 1044
20 1123
20 1557
20 1741
20 1940
20 2039
20 2388
20 2472
20 2779
20 3085
20 3144
21 5
21 267
21 523
21 829
21 1009
21 1334
21 1382
21 1589
21 1846
21 2232
21 2321
21 2631
21 2692
21 2918
21 3166
22 121
22 265
22 454
22 891
22 1073
22 1303
22 1432
22 1613
22 1841
22 2103
22 2407
22 2535
22 2880
22 3059
22 3290
23 21
23 273
23 648
23 896
23 1002
23 1270
23 1415
23 1610
23 1873
23 2020
23 2355
23 2480
23 2809
23 2987
23 3245
24 15
24 292
24 592
24 861
24 919
24 1307
24 1410
24 1657
24 1915
24 2056
24 2352
24 2618
24 2846
24 2956
24 3307
25 129
25 382
25 470
25 753
25 900
25 1214
25 1372
25 1753
25 1996
25 2099
25 2325
25 2600
25 2866
25 2975
25 3309
26 4
26 403
26 464
26 849
26 960
26 1244
26 1476
26 1746
26 1893
26 2112
26 2434
26 2498
26 2806
26 2990
26 3246
27 146
27 249
27 581
27 800
27 957
27 1344
27 1430
27 1659
27 1901
27 2111
27 2348
27 2656
27 2744
27 2917
27 3218
28 223
28 331
28 539
28 738
28 1084
28 1308
28 1424
28 1772
28 1963
28 2100
28 2445
28 2548
28 2766
28 3068
28 3348
29 155
29 268
29 511
29 709
29 1105
29 1127
29 1563
29 1689
29 1862
29 2057
29 2359
29 2567
29 2790
29 3056
29 3273
30 136
30 242
30 490
30 745
30 1041
30 1249
30 1521
30 1578
30 2013
30 2043
30 2425
30 2609
30 2884
30 3017
30 3293
31 83
31 355
31 612
31 797
31 954
31 1280
31 1346
31 1581
31 1837
31 2052
31 2274
31 2605
31 2749
31 3029
31 3306
32 97
32 325
32 503
32 821
32 910
32 1162
32 1488
32 1616
32 2002
32 2161
32 2450
32 2552
32 2710
32 2920
32 3241
33 202
33 444
33 547
33 742
33 920
33 1298
33 1407
33 1675
33 1898
33 2059
33 2351
33 2465
33 2732
33 3011
33 3308
34 74
34 256
34 600
34 874
34 999
34 1260
34 1538
34 1698
34 1852
34 2045
34 2329
34 2678
34 2756
34 2959
34 3189
35 36
35 399
35 582
35 685
35 1054
35 1266
35 1368
35 1584
35 1999
35 2139
35 2385
35 2644
35 2872
35 2925
35 3151
36 102
36 319
36 615
36 817
36 1035
36 1250
36 1356
36 1790
36 1802
36 2224
36 2309
36 2553
36 2760
36 3031
36 3303
37 178
37 433
37 554
37 811
37 929
37 1259
37 1544
37 1740
37 1933
37 2108
37 2449
37 2516
37 2746
37 3125
37 3214
38 30
38 285
38 642
38 822
38 971
38 1132
38 1509
38 1766
38 1922
38 2079
38 2459
38 2500
38 2804
38 3123
38 3301
39 170
39 291
39 489
39 893
39 975
39 1143
39 1534
39 1716
39 1906
39 2061
39 2297
39 2612
39 2691
39 3130
39 3152
40 87
40 406
40 593
40 772
40 944
40 1242
40 1556
40 1695
40 1984
40 2118
40 2270
40 2542
40 2886
40 2955
40 3204
41 79
41 386
41 614
41 859
41 1049
41 1283
41 1417
41 1665
41 1995
41 2082
41 2314
41 2592
41 2759
41 2922
41 3233
42 47
42 398
42 606
42 795
42 1089
42 1212
42 1418
42 1733
42 2005
42 2106
42 2291
42 2579
42 2795
42 3108
42 3200
43 212
43 396
43 651
43 735
43 1030
43 1186
43 1449
43 1618
43 1804
43 2177
43 2422
43 2509
43 2718
43 3001
43 3179
44 70
44 420
44 488
44 818
44 1010
44 1312
44 1518
44 1587
44 1885
44 2053
44 2397
44 2502
44 2796
44 3105
44 3313
45 28
45 383
45 540
45 673
45 986
45 1343
45 1485
45 1638
45 1948
45 2136
45 2345
45 2575
45 2848
45 3015
45 3202
46 62
46 281
46 545
46 763
46 1072
46 1287
46 1431
46 1663
46 1946
46 2066
46 2250
46 2626
46 2858
46 2984
46 3141
47 115
47 441
47 563
47 695
47 1038
47 1272
47 1394
47 1696
47 1797
47 2076
47 2436
47 2561
47 2794
47 2993
47 3310
48 204
48 229
48 604
48 840
48 980
48 1149
48 1447
48 1734
48 1931
48 2144
48 2423
48 2599
48 2784
48 3023
48 3349
49 188
49 228
49 630
49 854
49 990
49 1341
49 1483
49 1676
49 1854
49 2213
49 2390
49 2578
49 2850
49 3124
49 3216
50 132
50 423
50 619
50 851
50 1097
50 1337
50 1562
50 1728
50 1795
50 2154
50 2241
50 2684
50 2782
50 2982
50 3142
51 138
51 351
51 548
51 823
51 1116
51 1202
51 1352
51 1765
51 1953
51 2172
51 2303
51 2566
51 2805
51 2994
51 3224
52 55
52 231
52 524
52 819
52 1093
52 1299
52 1396
52 1776
52 1994
52 2137
52 2427
52 2659
52 2800
52 3115
52 3327
53 137
53 234
53 575
53 787
53 1107
53 1243
53 1508
53 1763
53 1935
53 2225
53 2343
53 2654
53 2907
53 2995
53 3167
54 52
54 330
54 549
54 713
54 1115
54 1309
54 1474
54 1656
54 1825
54 2235
54 2306
54 2669
54 2851
54 2919
54 3279
55 110
55 250
55 650
55 876
55 964
55 1142
55 1370
55 1603
55 2006
55 2084
55 2288
55 2615
55 2817
55 2927
55 3357
56 105
56 255
56 451
56 865
56 1086
56 1286
56 1512
56 1590
56 1816
56 2116
56 2254
56 2676
56 2802
56 3040
56 3336
57 208
57 309
57 463
57 692
57 1065
57 1255
57 1519
57 1632
57 1899
57 2201
57 2432
57 2653
57 2873
57 3013
57 3315
58 108
58 253
58 506
58 719
58 1058
58 1130
58 1459
58 1655
58 1986
58 2236
58 2382
58 2604
58 2812
58 2989
58 3227
59 101
59 377
59 456
59 794
59 1077
59 1173
59 1529
59 1681
59 1803
59 2178
59 2311
59 2513
59 2781
59 2946
59 3255
60 61
60 240
60 468
60 838
60 1013
60 1200
60 1487
60 1588
60 1956
60 2157
60 2307
60 2650
60 2693
60 3117
60 3339
61 25
61 411
61 635
61 860
61 950
61 1131
61 1359
61 1626
61 1991
61 2062
61 2339
61 2570
61 2834
61 3071
61 3340
62 65
62 415
62 492
62 858
62 905
62 1275
62 1375
62 1715
62 1864
62 2070
62 2335
62 2635
62 2723
62 3058
62 3251
63 152
63 230
63 541
63 744
63 952
63 1277
63 1416
63 1595
63 1847
63 2030
63 2332
63 2595
63 2730
63 3135
63 3191
64 167
64 424
64 561
64 879
64 1102
64 1331
64 1384
64 1628
64 1975
64 2199
64 2349
64 2630
64 2838
64 3086
64 3284
65 57
65 438
65 578
65 881
65 998
65 1218
65 1378
65 1761
65 1889
65 2107
65 2246
65 2562
65 2849
65 3066
65 3331
66 168
66 445
66 528
66 774
66 914
66 1281
66 1452
66 1644
66 1879
66 2142
66 2408
66 2625
66 2709
66 2935
66 3314
67 183
67 335
67 671
67 864
67 942
67 1282
67 1516
67 1712
67 1921
67 2085
67 2331
67 2534
67 2854
67 3051
67 3278
68 113
68 333
68 505
68 788
68 1042
68 1276
68 1495
68 1672
68 1859
68 2150
68 2316
68 2608
68 2831
68 2948
68 3215
69 98
69 323
69 667
69 687
69 901
69 1223
69 1541
69 1706
69 2010
69 2126
69 2362
69 2503
69 2757
69 3089
69 3322
70 49
70 238
70 517
70 703
70 997
70 1168
70 1524
70 1634
70 1959
70 2187
70 2417
70 2493
70 2825
70 2914
70 3277
71 200
71 358
71 485
71 754
71 917
71 1328
71 1486
71 1774
71 1950
71 2220
71 2373
71 2627
71 2739
71 2973
71 3222
72 141
72 251
72 536
72 780
72 1080
72 1144
72 1503
72 1635
72 1812
72 2034
72 2286
72 2649
72 2738
72 2986
72 3272
73 172
73 246
73 571
73 880
73 939
73 1338
73 1498
73 1778
73 1936
73 2083
73 2364
73 2506
73 2695
73 3106
73 3268
74 140
74 301
74 668
74 736
74 926
74 1251
74 1422
74 1615
74 1938
74 2134
74 2377
74 2664
74 2869
74 2961
74 3248
75 218
75 432
75 620
75 728
75 995
75 1124
75 1399
75 1662
75 2001
75 2166
75 2457
75 2588
75 2711
75 2992
75 3304
76 156
76 365
76 629
76 847
76 984
76 1336
76 1499
76 1742
76 1807
76 2017
76 2369
76 2530
76 2753
76 3073
76 3249
77 13
77 431
77 530
77 689
77 1046
77 1292
77 1441
77 1751
77 1845
77 2130
77 2416
77 2596
77 2798
77 3132
77 3253
78 214
78 248
78 570
78 771
78 1099
78 1182
78 1555
78 1700
78 1830
78 2195
78 2353
78 2492
78 2905
78 2936
78 3352
79 187
79 380
79 551
79 866
79 968
79 1194
79 1374
79 1787
79 1967
79 2215
79 2437
79 2559
79 2900
79 3100
79 3169
80 181
80 366
80 450
80 778
80 962
80 1315
80 1354
80 1691
80 1902
80 2202
80 2406
80 2563
80 2911
80 3099
80 3178
81 84
81 346
81 610
81 886
81 907
81 1138
81 1454
81 1744
81 1932
81 2046
81 2265
81 2670
81 2787
81 3044
81 3209
82 54
82 379
82 608
82 791
82 1048
82 1288
82 1350
82 1669
82 1863
82 2140
82 2368
82 2473
82 2887
82 3088
82 3294
83 58
83 381
83 644
83 853
83 1064
83 1226
83 1448
83 1759
83 1813
83 2211
83 2290
83 2642
83 2908
83 2965
83 3243
84 147
84 447
84 462
84 793
84 1047
84 1241
84 1437
84 1596
84 1886
84 2159
84 2319
84 2662
84 2771
84 3024
84 3288
85 135
85 393
85 631
85 711
85 1076
85 1134
85 1526
85 1694
85 1911
85 2021
85 2308
85 2677
85 2822
85 2983
85 3275
86 2
86 288
86 509
86 683
86 936
86 1170
86 1478
86 1627
86 1861
86 2117
86 2389
86 2564
86 2816
86 3057
86 3163
87 210
87 422
87 627
87 875
87 1029
87 1155
87 1558
87 1762
87 1964
87 2093
87 2312
87 2641
87 2715
87 3101
87 3282
88 33
88 373
88 512
88 726
88 976
88 1153
88 1535
88 1641
88 1856
88 2075
88 2404
88 2470
88 2776
88 3090
88 3267
89 143
89 296
89 568
89 839
89 1000
89 1235
89 1443
89 1651
89 1960
89 2022
89 2323
89 2520
89 2888
89 3126
89 3184
90 35
90 378
90 481
90 884
90 1003
90 1150
90 1413
90 1678
90 1818
90 2167
90 2464
90 2672
90 2777
90 3094
90 3176
91 118
91 338
91 588
91 696
91 1079
91 1326
91 1351
91 1630
91 1850
91 2210
91 2356
91 2674
91 2712
91 3049
91 3320
92 11
92 283
92 596
92 887
92 1024
92 1310
92 1461
92 1724
92 1828
92 2206
92 2383
92 2675
92 2807
92 3104
92 3344
93 12
93 427
93 483
93 756
93 1015
93 1322
93 1385
93 1687
93 1882
93 2058
93 2337
93 2495
93 2842
93 3076
93 3207
94 130
94 446
94 465
94 740
94 1114
94 1137
94 1472
94 1605
94 1954
94 2186
94 2429
94 2494
94 2901
94 3043
94 3283
95 95
95 287
95 471
95 676
95 913
95 1320
95 1475
95 1652
95 1872
95 2094
95 2452
95 2652
95 2797
95 3038
95 3359
96 53
96 329
96 478
96 675
96 970
96 1330
96 1533
96 1754
96 1822
96 2216
96 2341
96 2661
96 2731
96 3102
96 3330
97 68
97 436
97 598
97 802
97 898
97 1185
97 1549
97 1599
97 1965
97 2027
97 2421
97 2519
97 2906
97 3034
97 3298
98 51
98 258
98 531
98 805
98 1051
98 1199
98 1514
98 1571
98 1811
98 2121
98 2295
98 2646
98 2824
98 2977
98 3265
99 131
99 274
99 525
99 767
99 948
99 1206
99 1353
99 1783
99 1821
99 2072
99 2456
99 2514
99 2785
99 2940
99 3147
100 91
100 259
100 574
100 878
100 1103
100 1167
100 1414
100 1648
100 1900
100 2214
100 2263
100 2643
100 2903
100 3002
100 3250
101 67
101 312
101 537
101 679
101 1060
101 1301
101 1496
101 1705
101 1832
101 2229
101 2442
101 2666
101 2867
101 2932
101 3181
102 106
102 361
102 560
102 833
102 930
102 1125
102 1360
102 1593
102 1868
102 2080
102 2280
102 2487
102 2740
102 2999
102 3138
103 63
103 303
103 658
103 741
103 974
103 1181
103 1451
103 1624
103 1799
103 2173
103 2392
103 2539
103 2775
103 2938
103 3232
104 64
104 352
104 513
104 867
104 1061
104 1122
104 1393
104 1721
104 1835
104 2219
104 2365
104 2586
104 2698
104 2997
104 3291
105 157
105 391
105 595
105 816
105 951
105 1278
105 1355
105 1770
105 1962
105 2065
105 2313
105 2544
105 2870
105 2944
105 3198
106 158
106 369
106 477
106 831
106 935
106 1193
106 1466
106 1725
106 1942
106 2151
106 2413
106 2485
106 2768
106 3037
106 3173
107 217
107 334
107 498
107 820
107 958
107 1231
107 1537
107 1614
107 1838
107 2212
107 2333
107 2469
107 2814
107 2933
107 3174
108 179
108 426
108 641
108 777
108 899
108 1157
108 1423
108 1637
108 1814
108 2209
108 2287
108 2594
108 2803
108 2991
108 3236
109 109
109 297
109 621
109 814
109 941
109 1313
109 1536
109 1600
109 1905
109 2239
109 2275
109 2648
109 2859
109 3072
109 3175
110 185
110 278
110 501
110 852
110 1111
110 1178
110 1565
110 1688
110 1891
110 2191
110 2386
110 2640
110 2836
110 2969
110 3346
111 139
111 252
111 625
111 705
111 967
111 1237
111 1398
111 1620
111 2003
111 2104
111 2264
111 2533
111 2904
111 3095
111 3274
112 126
112 367
112 649
112 825
112 1043
112 1305
112 1386
112 1717
112 1974
112 2133
112 2247
112 2663
112 2855
112 2930
112 3155
113 89
113 236
113 553
113 785
113 909
113 1263
113 1517
113 1708
113 1883
113 2185
113 2419
113 2515
113 2829
113 3053
113 3140
114 24
114 443
114 636
114 843
114 911
114 1240
114 1455
114 1654
114 1839
114 2054
114 2344
114 2598
114 2827
114 2953
114 3161
115 195
115 425
115 572
115 894
115 897
115 1154
115 1502
115 1714
115 1824
115 2180
115 2401
115 2478
115 2793
115 2928
115 3137
116 124
116 276
116 461
116 682
116 981
116 1165
116 1473
116 1760
116 1826
116 2198
116 2257
116 2521
116 2713
116 3092
116 3231
117 60
117 332
117 491
117 768
117 938
117 1175
117 1349
117 1769
117 1981
117 2240
117 2251
117 2531
117 2891
117 3120
117 3271
118 6
118 263
118 602
118 734
118 931
118 1151
118 1568
118 1677
118 1945
118 2047
118 2310
118 2489
118 2810
118 3027
118 3264
119 191
119 437
119 587
119 760
119 978
119 1198
119 1391
119 1582
119 1907
119 2091
119 2400
119 2555
119 2705
119 3021
119 3203
120 206
120 282
120 638
120 717
120 1119
120 1239
120 1566
120 1786
120 1913
120 2156
120 2430
120 2556
120 2761
120 3063
120 3254
121 134
121 389
121 469
121 862
121 1092
121 1215
121 1408
121 1777
121 2008
121 2122
121 2460
121 2512
121 2725
121 2924
121 3182
122 29
122 392
122 543
122 857
122 923
122 1213
122 1348
122 1723
122 2007
122 2208
122 2322
122 2607
122 2865
122 3121
122 3329
123 219
123 247
123 632
123 855
123 937
123 1245
123 1497
123 1649
123 1976
123 2192
123 2342
123 2488
123 2895
123 3103
123 3289
124 153
124 289
124 634
124 727
124 1082
124 1216
124 1397
124 1625
124 2000
124 2036
124 2358
124 2619
124 2811
124 2966
124 3337
125 162
125 336
125 453
125 890
125 924
125 1166
125 1470
125 1727
125 1820
125 2063
125 2443
125 2634
125 2701
125 3082
125 3316
126 45
126 257
126 520
126 835
126 945
126 1188
126 1504
126 1732
126 1917
126 2132
126 2300
126 2637
126 2910
126 2972
126 3323
127 44
127 410
127 479
127 828
127 922
127 1183
127 1427
127 1622
127 1951
127 2188
127 2418
127 2508
127 2839
127 3007
127 3199
128 20
128 327
128 552
128 872
128 1113
128 1156
128 1528
128 1646
128 1914
128 2223
128 2438
128 2623
128 2767
128 2978
128 3197
129 159
129 232
129 661
129 885
129 1117
129 1146
129 1480
129 1738
129 1947
129 2227
129 2293
129 2614
129 2841
129 2926
129 3201
130 144
130 376
130 562
130 725
130 927
130 1247
130 1405
130 1680
130 1836
130 2165
130 2258
130 2686
130 2700
130 3025
130 3244
131 190
131 430
131 591
131 693
131 1055
131 1290
131 1429
131 1576
131 2004
131 2037
131 2367
131 2636
131 2876
131 3096
131 3300
132 128
132 372
132 510
132 733
132 1100
132 1304
132 1420
132 1726
132 1853
132 2073
132 2395
132 2583
132 2719
132 2988
132 3153
133 100
133 261
133 457
133 877
133 1108
133 1191
133 1523
133 1667
133 1848
133 2120
133 2334
133 2477
133 2717
133 3005
133 3335
134 22
134 324
134 521
134 869
134 1062
134 1184
134 1390
134 1756
134 1934
134 2110
134 2372
134 2476
134 2863
134 3110
134 3240
135 112
135 294
135 515
135 704
135 1078
135 1141
135 1457
135 1617
135 1884
135 2146
135 2394
135 2589
135 2748
135 3136
135 3154
136 26
136 298
136 626
136 815
136 932
136 1204
136 1450
136 1580
136 1878
136 2029
136 2440
136 2602
136 2874
136 3079
136 3195
137 1
137 226
137 616
137 677
137 1032
137 1228
137 1367
137 1707
137 1860
137 2105
137 2305
137 2558
137 2696
137 3087
137 3180
138 220
138 304
138 637
138 775
138 1063
138 1208
138 1436
138 1747
138 1930
138 2163
138 2276
138 2557
138 2770
138 3006
138 3332
139 88
139 280
139 534
139 841
139 1120
139 1294
139 1479
139 1583
139 1869
139 2078
139 2243
139 2593
139 2833
139 3064
139 3261
140 209
140 418
140 526
140 764
140 1104
140 1126
140 1527
140 1702
140 1977
140 2024
140 2245
140 2660
140 2845
140 3019
140 3242
141 216
141 360
141 655
141 720
141 1059
141 1133
141 1403
141 1570
141 1888
141 2200
141 2458
141 2638
141 2762
141 2967
141 3305
142 86
142 318
142 480
142 845
142 1001
142 1316
142 1550
142 1569
142 1912
142 2205
142 2252
142 2497
142 2747
142 3116
142 3334
143 75
143 299
143 459
143 863
143 940
143 1205
143 1506
143 1671
143 1982
143 2033
143 2447
143 2680
143 2708
143 3000
143 3259
144 127
144 375
144 550
144 789
144 906
144 1333
144 1438
144 1660
144 1890
144 2092
144 2320
144 2603
144 2792
144 3054
144 3190
145 189
145 414
145 476
145 827
145 989
145 1152
145 1425
145 1602
145 1941
145 2170
145 2403
145 2505
145 2878
145 2974
145 3258
146 201
146 357
146 466
146 809
146 973
146 1318
146 1400
146 1577
146 1971
146 2067
146 2366
146 2529
146 2847
146 3050
146 3341
147 66
147 341
147 527
147 786
147 1112
147 1128
147 1379
147 1674
147 1877
147 2026
147 2380
147 2587
147 2778
147 3080
147 3158
148 171
148 254
148 643
148 803
148 915
148 1314
148 1492
148 1749
148 1874
148 2193
148 2393
148 2571
148 2852
148 2957
148 3355
149 164
149 401
149 455
149 697
149 983
149 1169
149 1365
149 1683
149 1834
149 2041
149 2384
149 2610
149 2879
149 3004
149 3299
150 213
150 359
150 496
150 700
150 934
150 1176
150 1435
150 1608
150 1876
150 2218
150 2412
150 2527
150 2754
150 3074
150 3221
151 81
151 428
151 516
151 882
151 1067
151 1325
151 1561
151 1791
151 2009
151 2089
151 2282
151 2651
151 2769
151 3008
151 3287
152 111
152 340
152 546
152 714
152 1011
152 1265
152 1510
152 1720
152 1989
152 2194
152 2301
152 2569
152 2893
152 3060
152 3328
153 34
153 347
153 664
153 799
153 996
153 1253
153 1357
153 1653
153 1842
153 2189
153 2428
153 2543
153 2860
153 3046
153 3358
154 175
154 387
154 569
154 698
154 1022
154 1192
154 1358
154 1611
154 1840
154 2032
154 2396
154 2496
154 2801
154 2943
154 3333
155 99
155 314
155 647
155 807
155 1066
155 1211
155 1366
155 1585
155 1819
155 2088
155 2294
155 2466
155 2763
155 2941
155 3292
156 125
156 439
156 669
156 781
156 1074
156 1136
156 1462
156 1633
156 1808
156 2069
156 2347
156 2540
156 2815
156 3062
156 3342
157 116
157 343
157 654
157 892
157 982
157 1207
157 1465
157 1670
157 1875
157 2204
157 2448
157 2585
157 2912
157 3083
157 3157
158 211
158 434
158 628
158 856
158 1021
158 1217
158 1490
158 1685
158 1903
158 2169
158 2378
158 2687
158 2844
158 2939
158 3325
159 149
159 421
159 601
159 783
159 1006
159 1171
159 1484
159 1645
159 1988
159 2038
159 2261
159 2475
159 2856
159 3119
159 3262
160 119
160 442
160 484
160 873
160 1057
160 1190
160 1522
160 1748
160 1823
160 2098
160 2324
160 2484
160 2826
160 2976
160 3188
161 207
161 293
161 599
161 812
161 955
161 1219
161 1421
161 1607
161 1939
161 2131
161 2284
161 2479
161 2830
161 2942
161 3321
162 59
162 266
162 538
162 782
162 1039
162 1324
162 1404
162 1601
162 1919
162 2207
162 2420
162 2525
162 2716
162 2980
162 3317
163 117
163 306
163 564
163 710
163 1068
163 1342
163 1511
163 1718
163 1909
163 2153
163 2330
163 2617
163 2741
163 3114
163 3159
164 92
164 313
164 467
164 749
164 1085
164 1269
164 1489
164 1729
164 1793
164 2181
164 2446
164 2673
164 2758
164 3067
164 3219
165 145
165 349
165 567
165 755
165 1018
165 1121
165 1395
165 1572
165 1972
165 2176
165 2253
165 2590
165 2799
165 3081
165 3312
166 133
166 302
166 522
166 706
166 1106
166 1257
166 1377
166 1735
166 1892
166 2051
166 2357
166 2528
166 2894
166 3036
166 3177
167 10
167 225
167 535
167 686
167 979
167 1221
167 1542
167 1661
167 1849
167 2040
167 2328
167 2667
167 2877
167 3070
167 3230
168 31
168 311
168 585
168 681
168 1110
168 1296
168 1467
168 1780
168 1916
168 2055
168 2304
168 2483
168 2864
168 3097
168 3148
169 221
169 275
169 618
169 837
169 966
169 1236
169 1551
169 1710
169 1924
169 2096
169 2260
169 2655
169 2909
169 3069
169 3260
170 142
170 342
170 558
170 796
170 1016
170 1209
170 1494
170 1775
170 1958
170 2090
170 2318
170 2474
170 2742
170 2929
170 3238
171 182
171 277
171 449
171 779
171 949
171 1279
171 1491
171 1792
171 1928
171 2086
171 2411
171 2482
171 2786
171 2952
171 3295
172 50
172 371
172 584
172 712
172 1094
172 1189
172 1477
172 1701
172 1857
172 2123
172 2277
172 2467
172 2902
172 2985
172 3226
173 72
173 264
173 565
173 883
173 1098
173 1285
173 1383
173 1686
173 1798
173 2231
173 2248
173 2581
173 2703
173 3077
173 3351
174 41
174 356
174 499
174 846
174 1037
174 1222
174 1433
174 1785
174 1929
174 2226
174 2402
174 2671
174 2780
174 2958
174 3208
175 123
175 260
175 458
175 776
175 925
175 1135
175 1525
175 1757
175 1970
175 2179
175 2414
175 2574
175 2832
175 3041
175 3343
176 56
176 405
176 502
176 747
176 963
176 1311
176 1453
176 1575
176 1817
176 2101
176 2269
176 2584
176 2722
176 3122
176 3280
177 39
177 408
177 583
177 870
177 1056
177 1254
177 1381
177 1704
177 1961
177 2048
177 2350
177 2624
177 2840
177 2968
177 3257
178 76
178 353
178 533
178 888
178 959
178 1160
178 1361
178 1643
178 2014
178 2138
178 2405
178 2549
178 2813
178 3112
178 3269
179 166
179 368
179 544
179 739
179 1040
179 1203
179 1531
179 1782
179 1796
179 2087
179 2376
179 2633
179 2791
179 3133
179 3345
180 176
180 395
180 566
180 716
180 1090
180 1271
180 1409
180 1703
180 1894
180 2119
180 2259
180 2613
180 2818
180 2954
180 3276
181 18
181 417
181 586
181 694
181 1095
181 1293
181 1539
181 1730
181 1806
181 2152
181 2296
181 2679
181 2835
181 3127
181 3170
182 9
182 271
182 518
182 808
182 1019
182 1164
182 1559
182 1697
182 1997
182 2168
182 2281
182 2518
182 2837
182 3018
182 3145
183 199
183 440
183 452
183 824
183 1027
183 1321
183 1412
183 1574
183 1987
183 2035
183 2289
183 2560
183 2743
183 3052
183 3164
184 196
184 284
184 487
184 798
184 1028
184 1262
184 1440
184 1781
184 1923
184 2228
184 2299
184 2536
184 2885
184 3032
184 3311
185 48
185 363
185 532
185 834
185 1087
185 1229
185 1364
185 1773
185 1800
185 2102
185 2361
185 2510
185 2897
185 2981
185 3183
186 177
186 245
186 633
186 702
186 928
186 1284
186 1493
186 1768
186 1810
186 2160
186 2410
186 2573
186 2735
186 3022
186 3286
187 161
187 320
187 507
187 889
187 1053
187 1233
187 1553
187 1579
187 1897
187 2071
187 2453
187 2580
187 2788
187 3065
187 3319
188 3
188 402
188 646
188 762
188 992
188 1264
188 1376
188 1719
188 1867
188 2164
188 2279
188 2468
188 2702
188 3055
188 3210
189 169
189 344
189 495
189 844
189 988
189 1297
189 1406
189 1592
189 1952
189 2171
189 2387
189 2682
189 2882
189 3091
189 3168
190 224
190 307
190 500
190 699
190 993
190 1210
190 1362
190 1598
190 1966
190 2190
190 2268
190 2616
190 2890
190 3118
190 3192
191 173
191 286
191 662
191 813
191 985
191 1172
191 1388
191 1750
191 1955
191 2074
191 2363
191 2504
191 2772
191 2971
191 3235
192 80
192 412
192 557
192 761
192 1031
192 1327
192 1411
192 1743
192 1794
192 2044
192 2256
192 2551
192 2820
192 3113
192 3256
193 32
193 407
193 497
193 718
193 1045
193 1180
193 1401
193 1771
193 1983
193 2081
193 2255
193 2628
193 2752
193 3010
193 3223
194 94
194 239
194 514
194 826
194 953
194 1129
194 1501
194 1673
194 1973
194 2128
194 2409
194 2499
194 2764
194 2951
194 3263
195 122
195 413
195 665
195 724
195 1023
195 1329
195 1428
195 1658
195 1831
195 2115
195 2302
195 2541
195 2720
195 3047
195 3205
196 7
196 348
196 623
196 832
196 1005
196 1246
196 1389
196 1713
196 1990
196 2019
196 2354
196 2576
196 2699
196 2979
196 3252
197 37
197 350
197 493
197 723
197 1020
197 1147
197 1471
197 1573
197 1925
197 2031
197 2283
197 2481
197 2773
197 3107
197 3196
198 77
198 321
198 576
198 895
198 921
198 1339
198 1530
198 1737
198 1957
198 2018
198 2315
198 2526
198 2714
198 3035
198 3212
199 154
199 316
199 556
199 729
199 1033
199 1197
199 1460
199 1650
199 1809
199 2234
199 2424
199 2611
199 2733
199 2916
199 3354
200 103
200 244
200 624
200 708
200 1025
200 1300
200 1469
200 1682
200 2016
200 2124
200 2370
200 2620
200 2774
200 3039
200 3296
201 222
201 227
201 613
201 691
201 1075
201 1317
201 1520
201 1789
201 1829
201 2023
201 2441
201 2688
201 2819
201 2960
201 3237
202 46
202 310
202 666
202 731
202 961
202 1148
202 1419
202 1779
202 1908
202 2230
202 2371
202 2490
202 2728
202 3009
202 3285
203 197
203 269
203 653
203 806
203 965
203 1274
203 1373
203 1609
203 1815
203 2109
203 2298
203 2547
203 2828
203 2963
203 3324
204 17
204 370
204 607
204 758
204 1050
204 1340
204 1548
204 1731
204 1805
204 2060
204 2444
204 2537
204 2689
204 2934
204 3194
205 151
205 400
205 590
205 680
205 1036
205 1177
205 1507
205 1668
205 1880
205 2049
205 2244
205 2538
205 2694
205 3131
205 3162
206 107
206 345
206 474
206 732
206 1004
206 1225
206 1464
206 1758
206 1843
206 2233
206 2454
206 2565
206 2853
206 2949
206 3172
207 198
207 279
207 670
207 790
207 1012
207 1196
207 1345
207 1631
207 1979
207 2217
207 2360
207 2517
207 2871
207 3033
207 3347
208 19
208 235
208 504
208 848
208 991
208 1195
208 1545
208 1629
208 1910
208 2147
208 2431
208 2601
208 2857
208 3098
208 3318
209 96
209 290
209 652
209 722
209 1017
209 1252
209 1513
209 1619
209 1870
209 2141
209 2374
209 2665
209 2861
209 3109
209 3187
210 193
210 374
210 597
210 850
210 1101
210 1335
210 1444
210 1606
210 1881
210 2135
210 2326
210 2577
210 2898
210 3075
210 3234
211 150
211 429
211 645
211 684
211 916
211 1227
211 1402
211 1788
211 1855
211 2203
211 2340
211 2683
211 2823
211 3093
211 3297
212 163
212 326
212 494
212 751
212 1081
212 1224
212 1380
212 1709
212 1865
212 2025
212 2267
212 2501
212 2875
212 2945
212 3281
213 14
213 448
213 529
213 773
213 1007
213 1248
213 1439
213 1586
213 1992
213 2197
213 2462
213 2522
213 2808
213 3111
213 3165
214 180
214 243
214 605
214 701
214 943
214 1289
214 1500
214 1752
214 1998
214 2050
214 2242
214 2554
214 2789
214 2950
214 3139
215 215
215 385
215 611
215 757
215 1070
215 1140
215 1552
215 1684
215 1851
215 2149
215 2433
215 2668
215 2843
215 3012
215 3229
216 40
216 241
216 617
216 688
216 1034
216 1267
216 1481
216 1745
216 1926
216 2145
216 2273
216 2523
216 2697
216 2962
216 3302
217 93
217 270
217 475
217 743
217 1088
217 1268
217 1369
217 1764
217 1827
217 2077
217 2327
217 2572
217 2706
217 2915
217 3211
218 8
218 322
218 577
218 759
218 912
218 1174
218 1560
218 1767
218 1833
218 2068
218 2455
218 2658
218 2721
218 3042
218 3326
219 114
219 295
219 589
219 836
219 933
219 1220
219 1463
219 1666
219 1801
219 2064
219 2285
219 2486
219 2755
219 2921
219 3185
220 205
220 419
220 609
220 830
220 969
220 1256
220 1458
220 1664
220 1968
220 2175
220 2391
220 2647
220 2883
220 2931
220 3225
221 174
221 305
221 508
221 801
221 1008
221 1158
221 1505
221 1722
221 1920
221 2129
221 2266
221 2582
221 2734
221 3048
221 3150
222 120
222 308
222 622
222 674
222 956
222 1261
222 1515
222 1636
222 2015
222 2182
222 2317
222 2639
222 2750
222 3026
222 3143
223 203
223 300
223 486
223 871
223 987
223 1291
223 1434
223 1604
223 1949
223 2183
223 2439
223 2657
223 2896
223 3020
223 3156
224 148
224 272
224 579
224 746
224 1118
224 1161
224 1543
224 1640
224 1866
224 2028
224 2463
224 2550
224 2726
224 3030
224 3149
1 3480
1 3562
1 3730
1 3844
1 4029
1 4148
1 4209
1 4348
1 4501
1 4719
1 4838
1 4912
1 5062
1 5183
1 5375
1 5577
1 5732
1 5871
1 5973
1 6083
1 6260
1 6435
1 6538
1 6630
2 3391
2 3622
2 3660
2 3804
2 4058
2 4071
2 4302
2 4434
2 4614
2 4667
2 4803
2 4989
2 5104
2 5234
2 5455
2 5587
2 5624
2 5879
2 5950
2 6150
2 6247
2 6393
2 6460
2 6670
3 3467
3 3544
3 3658
3 3867
3 3968
3 4091
3 4246
3 4358
3 4549
3 4696
3 4893
3 4941
3 5135
3 5187
3 5423
3 5532
3 5718
3 5798
3 5920
3 6155
3 6232
3 6339
3 6456
3 6648
4 3404
4 3536
4 3759
4 3785
4 3993
4 4097
4 4279
4 4469
4 4600
4 4631
4 4843
4 5010
4 5075
4 5189
4 5342
4 5476
4 5680
4 5804
4 6009
4 6038
4 6168
4 6358
4 6557
4 6701
5 3440
5 3616
5 3755
5 3805
5 4049
5 4157
5 4338
5 4447
5 4506
5 4648
5 4809
5 5025
5 5114
5 5205
5 5411
5 5594
5 5715
5 5788
5 5992
5 6087
5 6275
5 6413
5 6463
5 6680
6 3477
6 3530
6 3763
6 3791
6 3939
6 4162
6 4252
6 4407
6 4525
6 4627
6 4898
6 4952
6 5081
6 5220
6 5356
6 5527
6 5722
6 5789
6 5953
6 6092
6 6282
6 6305
6 6532
6 6673
7 3430
7 3633
7 3705
7 3909
7 3986
7 4194
7 4267
7 4377
7 4618
7 4742
7 4872
7 4902
7 5089
7 5311
7 5402
7 5561
7 5609
7 5841
7 5884
7 6108
7 6288
7 6338
7 6509
7 6634
8 3420
8 3504
8 3735
8 3912
8 3925
8 4144
8 4202
8 4441
8 4613
8 4694
8 4834
8 4944
8 5144
8 5300
8 5383
8 5599
8 5617
8 5864
8 5926
8 6089
8 6239
8 6361
8 6578
8 6717
9 3397
9 3623
9 3659
9 3887
9 3943
9 4074
9 4327
9 4405
9 4504
9 4707
9 4871
9 5012
9 5165
9 5269
9 5399
9 5533
9 5690
9 5827
9 5967
9 6128
9 6231
9 6436
9 6567
9 6635
10 3415
10 3531
10 3767
10 3823
10 4007
10 4163
10 4224
10 4372
10 4484
10 4691
10 4795
10 4970
10 5049
10 5240
10 5404
10 5514
10 5662
10 5784
10 5929
10 6151
10 6229
10 6344
10 6454
10 6588
11 3425
11 3598
11 3719
11 3814
11 4033
11 4102
11 4229
11 4438
11 4533
11 4685
11 4878
11 4981
11 5080
11 5194
11 5358
11 5566
11 5679
11 5878
11 6019
11 6044
11 6198
11 6304
11 6576
11 6629
12 3458
12 3609
12 3780
12 3874
12 3959
12 4197
12 4207
12 4382
12 4545
12 4621
12 4806
12 5027
12 5094
12 5289
12 5426
12 5501
12 5648
12 5823
12 5962
12 6146
12 6195
12 6347
12 6560
12 6586
13 3449
13 3625
13 3651
13 3878
13 4039
13 4181
13 4303
13 4427
13 4574
13 4699
13 4868
13 4904
13 5119
13 5228
13 5384
13 5494
13 5641
13 5875
13 5923
13 6064
13 6237
13 6395
13 6508
13 6698
14 3472
14 3566
14 3773
14 3829
14 4024
14 4124
14 4245
14 4344
14 4502
14 4748
14 4786
14 5029
14 5102
14 5296
14 5421
14 5485
14 5678
14 5805
14 5944
14 6141
14 6203
14 6421
14 6537
14 6667
15 3417
15 3520
15 3765
15 3893
15 3995
15 4190
15 4206
15 4409
15 4587
15 4733
15 4764
15 4905
15 5124
15 5225
15 5330
15 5539
15 5737
15 5746
15 5957
15 6042
15 6258
15 6333
15 6505
15 6621
16 3409
16 3595
16 3647
16 3801
16 4019
16 4142
16 4274
16 4458
16 4591
16 4713
16 4856
16 4925
16 5060
16 5203
16 5432
16 5595
16 5697
16 5747
16 5936
16 6098
16 6171
16 6373
16 6580
16 6599
17 3380
17 3560
17 3692
17 3900
17 3956
17 4140
17 4258
17 4463
17 4508
17 4690
17 4864
17 4962
17 5100
17 5230
17 5436
17 5556
17 5650
17 5772
17 5989
17 6036
17 6189
17 6400
17 6569
17 6685
18 3448
18 3574
18 3702
18 3895
18 3970
18 4198
18 4263
18 4435
18 4505
18 4726
18 4830
18 4999
18 5158
18 5208
18 5437
18 5555
18 5706
18 5837
18 5913
18 6130
18 6285
18 6430
18 6503
18 6656
19 3476
19 3617
19 3648
19 3849
19 3933
19 4115
19 4283
19 4364
19 4550
19 4650
19 4842
19 4955
19 5161
19 5182
19 5346
19 5563
19 5643
19 5748
19 5978
19 6076
19 6192
19 6342
19 6491
19 6598
20 3436
20 3509
20 3720
20 3816
20 4044
20 4149
20 4324
20 4354
20 4487
20 4728
20 4785
20 4977
20 5120
20 5227
20 5379
20 5536
20 5649
20 5868
20 5890
20 6097
20 6197
20 6318
20 6565
20 6624
21 3384
21 3535
21 3743
21 3879
21 3948
21 4200
21 4326
21 4375
21 4546
21 4674
21 4815
21 4946
21 5097
21 5320
21 5328
21 5580
21 5659
21 5778
21 6008
21 6023
21 6245
21 6392
21 6553
21 6657
22 3401
22 3519
22 3669
22 3883
22 4037
22 4184
22 4233
22 4379
22 4552
22 4738
22 4887
22 4980
22 5115
22 5266
22 5406
22 5495
22 5630
22 5792
22 5946
22 6041
22 6205
22 6325
22 6453
22 6658
23 3373
23 3599
23 3656
23 3807
23 3980
23 4170
23 4236
23 4346
23 4544
23 4673
23 4825
23 5004
23 5098
23 5216
23 5336
23 5530
23 5615
23 5821
23 5911
23 6145
23 6286
23 6367
23 6451
23 6702
24 3364
24 3620
24 3698
24 3851
24 3928
24 4068
24 4288
24 4368
24 4607
24 4735
24 4899
24 5002
24 5110
24 5245
24 5378
24 5483
24 5731
24 5763
24 5883
24 6051
24 6225
24 6356
24 6497
24 6633
25 3474
25 3572
25 3704
25 3793
25 3941
25 4103
25 4257
25 4422
25 4483
25 4730
25 4888
25 5016
25 5105
25 5282
25 5450
25 5502
25 5723
25 5853
25 5899
25 6024
25 6235
25 6378
25 6464
25 6710
26 3394
26 3525
26 3756
26 3892
26 4003
26 4176
26 4237
26 4451
26 4579
26 4743
26 4894
26 4966
26 5147
26 5231
26 5424
26 5518
26 5695
26 5814
26 5963
26 6139
26 6271
26 6438
26 6450
26 6602
27 3466
27 3556
27 3709
27 3781
27 4005
27 4072
27 4242
27 4380
27 4524
27 4677
27 4822
27 5037
27 5051
27 5181
27 5422
27 5489
27 5686
27 5842
27 5918
27 6070
27 6246
27 6306
27 6467
27 6705
28 3395
28 3573
28 3686
28 3832
28 3931
28 4133
28 4284
28 4457
28 4519
28 4683
28 4770
28 5033
28 5169
28 5207
28 5434
28 5469
28 5625
28 5806
28 5917
28 6112
28 6230
28 6343
28 6512
28 6682
29 3438
29 3640
29 3654
29 3783
29 3921
29 4122
29 4340
29 4437
29 4571
29 4750
29 4865
29 4926
29 5163
29 5306
29 5372
29 5513
29 5684
29 5760
29 5881
29 6046
29 6204
29 6415
29 6500
29 6661
30 3465
30 3537
30 3744
30 3864
30 4017
30 4114
30 4328
30 4398
30 4535
30 4718
30 4761
30 4911
30 5093
30 5236
30 5460
30 5558
30 5699
30 5874
30 6011
30 6159
30 6188
30 6376
30 6575
30 6617
31 3393
31 3619
31 3672
31 3894
31 3978
31 4109
31 4305
31 4462
31 4536
31 4754
31 4777
31 5000
31 5106
31 5195
31 5352
31 5564
31 5636
31 5801
31 5942
31 6081
31 6295
31 6426
31 6484
31 6606
32 3376
32 3502
32 3768
32 3855
32 4050
32 4187
32 4330
32 4426
32 4565
32 4740
32 4851
32 5014
32 5137
32 5246
32 5347
32 5589
32 5610
32 5854
32 5938
32 6117
32 6226
32 6424
32 6477
32 6601
33 3390
33 3527
33 3713
33 3913
33 3964
33 4143
33 4265
33 4456
33 4596
33 4693
33 4882
33 4982
33 5092
33 5294
33 5428
33 5510
33 5612
33 5844
33 5979
33 6140
33 6218
33 6418
33 6482
33 6609
34 3454
34 3559
34 3739
34 3788
34 3935
34 4080
34 4228
34 4352
34 4560
34 4701
34 4896
34 4995
34 5086
34 5307
34 5391
34 5486
34 5689
34 5790
34 5947
34 6047
34 6165
34 6399
34 6496
34 6690
35 3403
35 3526
35 3699
35 3890
35 4018
35 4079
35 4226
35 4454
35 4503
35 4704
35 4846
35 4922
35 5112
35 5196
35 5362
35 5584
35 5602
35 5833
35 6012
35 6071
35 6262
35 6427
35 6577
35 6696
36 3460
36 3621
36 3689
36 3806
36 4013
36 4165
36 4322
36 4464
36 4620
36 4641
36 4780
36 5008
36 5064
36 5256
36 5416
36 5546
36 5655
36 5764
36 5931
36 6137
36 6208
36 6432
36 6547
36 6653
37 3434
37 3615
37 3723
37 3889
37 3974
37 4139
37 4285
37 4351
37 4485
37 4678
37 4817
37 4956
37 5068
37 5218
37 5332
37 5482
37 5618
37 5766
37 5888
37 6029
37 6244
37 6315
37 6475
37 6692
38 3385
38 3503
38 3710
38 3826
38 3937
38 4193
38 4261
38 4365
38 4489
38 4703
38 4869
38 4924
38 5131
38 5186
38 5349
38 5550
38 5673
38 5787
38 5985
38 6060
38 6254
38 6431
38 6554
38 6659
39 3411
39 3548
39 3670
39 3827
39 4014
39 4066
39 4320
39 4467
39 4529
39 4755
39 4820
39 4945
39 5140
39 5255
39 5413
39 5509
39 5627
39 5834
39 5991
39 6037
39 6240
39 6387
39 6546
39 6615
40 3497
40 3614
40 3646
40 3819
40 3962
40 4134
40 4318
40 4361
40 4499
40 4705
40 4772
40 4991
40 5176
40 5241
40 5418
40 5538
40 5693
40 5824
40 5968
40 6131
40 6257
40 6337
40 6541
40 6650
41 3389
41 3539
41 3771
41 3842
41 4027
41 4126
41 4249
41 4477
41 4605
41 4695
41 4870
41 4940
41 5159
41 5235
41 5345
41 5540
41 5629
41 5829
41 5945
41 6099
41 6300
41 6360
41 6465
41 6703
42 3486
42 3631
42 3770
42 3882
42 4012
42 4130
42 4217
42 4363
42 4481
42 4752
42 4824
42 4948
42 5153
42 5288
42 5339
42 5576
42 5613
42 5745
42 5905
42 6142
42 6215
42 6351
42 6514
42 6623
43 3498
43 3532
43 3645
43 3880
43 3923
43 4073
43 4219
43 4446
43 4543
43 4671
43 4844
43 4918
43 5152
43 5188
43 5420
43 5578
43 5631
43 5859
43 5943
43 6059
43 6172
43 6380
43 6527
43 6684
44 3490
44 3540
44 3706
44 3808
44 3967
44 4104
44 4289
44 4430
44 4584
44 4715
44 4823
44 4914
44 5067
44 5265
44 5340
44 5544
44 5645
44 5832
44 5922
44 6125
44 6209
44 6377
44 6513
44 6660
45 3464
45 3630
45 3711
45 3871
45 4008
45 4088
45 4314
45 4381
45 4530
45 4644
45 4783
45 4983
45 5126
45 5254
45 5414
45 5529
45 5603
45 5796
45 5903
45 6111
45 6212
45 6335
45 6448
45 6652
46 3418
46 3579
46 3745
46 3858
46 3954
46 4196
46 4213
46 4476
46 4577
46 4688
46 4763
46 4931
46 5127
46 5226
46 5419
46 5548
46 5632
46 5768
46 5906
46 6113
46 6233
46 6365
46 6444
46 6604
47 3412
47 3581
47 3734
47 3856
47 3927
47 4167
47 4234
47 4366
47 4551
47 4665
47 4766
47 5015
47 5044
47 5223
47 5390
47 5462
47 5656
47 5863
47 5969
47 6124
47 6207
47 6341
47 6474
47 6683
48 3446
48 3545
48 3681
48 3884
48 4036
48 4153
48 4304
48 4466
48 4482
48 4736
48 4781
48 4936
48 5178
48 5260
48 5364
48 5549
48 5647
48 5759
48 5964
48 6049
48 6250
48 6429
48 6468
48 6699
49 3457
49 3523
49 3752
49 3907
49 4056
49 4185
49 4309
49 4461
49 4512
49 4643
49 4816
49 4917
49 5090
49 5214
49 5407
49 5461
49 5728
49 5808
49 5986
49 6063
49 6228
49 6329
49 6461
49 6663
50 3493
50 3501
50 3695
50 3790
50 4045
50 4069
50 4266
50 4403
50 4578
50 4623
50 4794
50 4908
50 5179
50 5251
50 5380
50 5545
50 5668
50 5867
50 5999
50 6114
50 6224
50 6336
50 6498
50 6640
51 3387
51 3594
51 3724
51 3845
51 4054
51 4063
51 4244
51 4343
51 4511
51 4700
51 4850
51 4957
51 5088
51 5233
51 5355
51 5464
51 5674
51 5807
51 6013
51 6094
51 6238
51 6321
51 6556
51 6655
52 3400
52 3639
52 3653
52 3854
52 3957
52 4089
52 4255
52 4411
52 4598
52 4669
52 4895
52 4972
52 5164
52 5249
52 5344
52 5597
52 5657
52 5861
52 5930
52 6056
52 6261
52 6396
52 6574
52 6582
53 3428
53 3561
53 3774
53 3824
53 3955
53 4189
53 4317
53 4431
53 4590
53 4710
53 4900
53 5022
53 5123
53 5271
53 5435
53 5474
53 5644
53 5880
53 6010
53 6088
53 6269
53 6354
53 6487
53 6704
54 3445
54 3550
54 3667
54 3906
54 3930
54 4118
54 4306
54 4452
54 4486
54 4714
54 4796
54 4923
54 5121
54 5219
54 5348
54 5484
54 5730
54 5843
54 6015
54 6123
54 6293
54 6425
54 6493
54 6678
55 3396
55 3637
55 3673
55 3910
55 3975
55 4123
55 4204
55 4356
55 4616
55 4686
55 4814
55 4959
55 5177
55 5283
55 5447
55 5470
55 5702
55 5756
55 6017
55 6152
55 6255
55 6309
55 6531
55 6716
56 3363
56 3551
56 3693
56 3920
56 4010
56 4155
56 4210
56 4455
56 4520
56 4645
56 4836
56 5023
56 5174
56 5318
56 5430
56 5559
56 5660
56 5822
56 5896
56 6080
56 6297
56 6349
56 6562
56 6610
57 3456
57 3565
57 3754
57 3848
57 3922
57 4105
57 4297
57 4345
57 4603
57 4647
57 4782
57 4920
57 5175
57 5303
57 5429
57 5590
57 5611
57 5877
57 5952
57 6025
57 6243
57 6317
57 6504
57 6706
58 3469
58 3516
58 3676
58 3789
58 3999
58 4107
58 4316
58 4468
58 4531
58 4725
58 4883
58 4958
58 5050
58 5275
58 5331
58 5480
58 5614
58 5813
58 5933
58 6119
58 6242
58 6355
58 6558
58 6693
59 3427
59 3507
59 3737
59 3886
59 4030
59 4182
59 4235
59 4347
59 4580
59 4663
59 4792
59 4942
59 5173
59 5213
59 5374
59 5570
59 5703
59 5845
59 5914
59 6068
59 6206
59 6408
59 6457
59 6665
60 3442
60 3577
60 3738
60 3796
60 4002
60 4135
60 4247
60 4436
60 4500
60 4721
60 4886
60 5028
60 5168
60 5193
60 5388
60 5524
60 5682
60 5803
60 5993
60 6121
60 6289
60 6383
60 6568
60 6662
61 3379
61 3534
61 3690
61 3905
61 4053
61 4141
61 4325
61 4460
61 4517
61 4711
61 4779
61 5034
61 5070
61 5253
61 5343
61 5585
61 5626
61 5773
61 5900
61 6160
61 6210
61 6379
61 6455
61 6619
62 3410
62 3593
62 3764
62 3837
62 3936
62 4128
62 4278
62 4389
62 4541
62 4751
62 4841
62 5006
62 5143
62 5221
62 5386
62 5467
62 5711
62 5828
62 5892
62 6107
62 6176
62 6397
62 6548
62 6592
63 3453
63 3636
63 3643
63 3818
63 4006
63 4179
63 4253
63 4475
63 4507
63 4746
63 4828
63 5026
63 5057
63 5250
63 5370
63 5505
63 5734
63 5802
63 5887
63 6147
63 6270
63 6368
63 6517
63 6669
64 3369
64 3521
64 3728
64 3872
64 3929
64 4159
64 4335
64 4341
64 4527
64 4720
64 4881
64 4987
64 5066
64 5291
64 5444
64 5575
64 5705
64 5782
64 5891
64 6054
64 6191
64 6416
64 6449
64 6620
65 3365
65 3549
65 3682
65 3825
65 4031
65 4152
65 4223
65 4465
65 4567
65 4732
65 4812
65 5039
65 5160
65 5317
65 5395
65 5596
65 5616
65 5743
65 5882
65 6079
65 6175
65 6369
65 6499
65 6600
66 3386
66 3515
66 3748
66 3810
66 4046
66 4110
66 4336
66 4423
66 4522
66 4744
66 4889
66 4974
66 5072
66 5204
66 5325
66 5500
66 5666
66 5758
66 5956
66 6086
66 6200
66 6316
66 6485
66 6616
67 3368
67 3533
67 3677
67 3916
67 4026
67 4064
67 4222
67 4388
67 4556
67 4642
67 4808
67 5017
67 5083
67 5273
67 5324
67 5490
67 5634
67 5810
67 6004
67 6055
67 6161
67 6313
67 6536
67 6681
68 3443
68 3576
68 3684
68 3873
68 3976
68 4188
68 4301
68 4353
68 4592
68 4622
68 4837
68 4951
68 5048
68 5315
68 5425
68 5535
68 5726
68 5818
68 5885
68 6122
68 6248
68 6386
68 6535
68 6687
69 3413
69 3591
69 3664
69 3918
69 3951
69 4099
69 4290
69 4383
69 4532
69 4649
69 4775
69 5019
69 5107
69 5302
69 5453
69 5593
69 5735
69 5780
69 5939
69 6021
69 6178
69 6428
69 6526
69 6641
70 3362
70 3638
70 3762
70 3870
70 4038
70 4169
70 4218
70 4370
70 4559
70 4636
70 4863
70 5005
70 5146
70 5185
70 5381
70 5503
70 5709
70 5762
70 6006
70 6136
70 6266
70 6345
70 6549
70 6595
71 3424
71 3597
71 3683
71 3899
71 4022
71 4145
71 4276
71 4342
71 4540
71 4687
71 4832
71 4950
71 5065
71 5217
71 5446
71 5562
71 5727
71 5791
71 5902
71 6067
71 6277
71 6366
71 6559
71 6587
72 3370
72 3554
72 3742
72 3863
72 4059
72 4127
72 4319
72 4471
72 4597
72 4633
72 4876
72 4997
72 5136
72 5191
72 5366
72 5551
72 5622
72 5761
72 5948
72 6110
72 6263
72 6359
72 6539
72 6647
73 3421
73 3607
73 3707
73 3840
73 4009
73 4083
73 4268
73 4473
73 4582
73 4681
73 4767
73 4978
73 5150
73 5237
73 5452
73 5569
73 5623
73 5770
73 5976
73 6156
73 6182
73 6409
73 6540
73 6718
74 3416
74 3552
74 3661
74 3853
74 3952
74 4117
74 4277
74 4420
74 4558
74 4692
74 4810
74 5036
74 5171
74 5264
74 5351
74 5537
74 5665
74 5838
74 5971
74 6153
74 6213
74 6346
74 6481
74 6715
75 3371
75 3604
75 3760
75 3876
75 3972
75 4082
75 4251
75 4357
75 4562
75 4637
75 4857
75 4985
75 5149
75 5274
75 5341
75 5478
75 5672
75 5742
75 5995
75 6101
75 6211
75 6334
75 6521
75 6627
76 3367
76 3585
76 3687
76 3846
76 3926
76 4125
76 4220
76 4414
76 4572
76 4697
76 4827
76 4953
76 5043
76 5210
76 5367
76 5515
76 5652
76 5870
76 5898
76 6138
76 6193
76 6404
76 6471
76 6585
77 3495
77 3582
77 3708
77 3898
77 4015
77 4171
77 4260
77 4472
77 4514
77 4741
77 4762
77 5011
77 5166
77 5287
77 5365
77 5492
77 5604
77 5858
77 5901
77 6026
77 6173
77 6327
77 6495
77 6708
78 3459
78 3592
78 3740
78 3847
78 3987
78 4093
78 4329
78 4374
78 4490
78 4657
78 4873
78 5007
78 5155
78 5257
78 5392
78 5466
78 5687
78 5765
78 5895
78 6040
78 6162
78 6437
78 6476
78 6608
79 3487
79 3624
79 3772
79 3839
79 4001
79 4095
79 4333
79 4410
79 4585
79 4640
79 4877
79 4927
79 5096
79 5316
79 5417
79 5557
79 5716
79 5846
79 5977
79 6090
79 6276
79 6422
79 6545
79 6720
80 3470
80 3627
80 3674
80 3919
80 3979
80 4150
80 4308
80 4421
80 4583
80 4628
80 4849
80 4996
80 5063
80 5272
80 5387
80 5516
80 5676
80 5811
80 5974
80 6033
80 6279
80 6391
80 6492
80 6636
81 3494
81 3541
81 3697
81 3891
81 3960
81 4119
81 4287
81 4362
81 4554
81 4654
81 4847
81 4993
81 5053
81 5258
81 5376
81 5488
81 5658
81 5839
81 5886
81 6084
81 6268
81 6302
81 6473
81 6677
82 3437
82 3553
82 3757
82 3797
82 3982
82 4146
82 4331
82 4355
82 4606
82 4624
82 4778
82 4964
82 5099
82 5281
82 5448
82 5582
82 5692
82 5752
82 6018
82 6100
82 6216
82 6350
82 6472
82 6646
83 3473
83 3635
83 3703
83 3800
83 3973
83 4087
83 4215
83 4480
83 4493
83 4679
83 4840
83 5013
83 5087
83 5239
83 5431
83 5523
83 5642
83 5830
83 5949
83 6065
83 6214
83 6419
83 6515
83 6666
84 3492
84 3589
84 3729
84 3861
84 4034
84 4178
84 4292
84 4479
84 4601
84 4757
84 4880
84 5003
84 5069
84 5242
84 5458
84 5573
84 5605
84 5786
84 6003
84 6066
84 6196
84 6370
84 6520
84 6603
85 3450
85 3522
85 3726
85 3901
85 4028
85 4172
85 4310
85 4384
85 4542
85 4709
85 4818
85 5009
85 5129
85 5309
85 5333
85 5560
85 5698
85 5812
85 5958
85 6058
85 6287
85 6385
85 6566
85 6589
86 3500
86 3542
86 3665
86 3911
86 4040
86 4084
86 4272
86 4440
86 4576
86 4646
86 4860
86 4901
86 5130
86 5297
86 5385
86 5481
86 5696
86 5848
86 5984
86 6031
86 6167
86 6374
86 6510
86 6714
87 3468
87 3628
87 3779
87 3877
87 3998
87 4096
87 4225
87 4404
87 4492
87 4706
87 4845
87 4932
87 5082
87 5222
87 5442
87 5465
87 5688
87 5775
87 5934
87 6061
87 6241
87 6328
87 6561
87 6612
88 3439
88 3513
88 3778
88 3811
88 3924
88 4085
88 4201
88 4391
88 4539
88 4756
88 4768
88 5031
88 5180
88 5201
88 5440
88 5534
88 5601
88 5872
88 5916
88 6075
88 6249
88 6312
88 6469
88 6597
89 3406
89 3606
89 3714
89 3869
89 3944
89 4120
89 4295
89 4386
89 4595
89 4749
89 4848
89 4928
89 5056
89 5278
89 5357
89 5600
89 5740
89 5873
89 5996
89 6126
89 6298
89 6402
89 6516
89 6697
90 3402
90 3634
90 3712
90 3813
90 3990
90 4161
90 4282
90 4416
90 4513
90 4668
90 4801
90 4919
90 5041
90 5301
90 5438
90 5479
90 5619
90 5795
90 5983
90 6032
90 6222
90 6352
90 6443
90 6611
91 3488
91 3505
91 3766
91 3896
91 3963
91 4077
91 4231
91 4453
91 4498
91 4635
91 4826
91 4979
91 5145
91 5184
91 5377
91 5522
91 5608
91 5776
91 5940
91 6050
91 6174
91 6401
91 6534
91 6614
92 3374
92 3626
92 3718
92 3835
92 3958
92 4101
92 4238
92 4428
92 4488
92 4734
92 4776
92 5001
92 5103
92 5298
92 5415
92 5553
92 5733
92 5826
92 5966
92 6135
92 6201
92 6398
92 6502
92 6671
93 3432
93 3529
93 3749
93 3904
93 4025
93 4151
93 4262
93 4394
93 4516
93 4739
93 4811
93 4921
93 5139
93 5232
93 5403
93 5528
93 5691
93 5750
93 6000
93 6028
93 6236
93 6348
93 6543
93 6700
94 3422
94 3512
94 3736
94 3794
94 4055
94 4108
94 4227
94 4401
94 4602
94 4758
94 4861
94 4907
94 5156
94 5252
94 5410
94 5498
94 5719
94 5749
94 5928
94 6143
94 6180
94 6363
94 6506
94 6672
95 3381
95 3543
95 3649
95 3830
95 4023
95 4136
95 4203
95 4371
95 4604
95 4723
95 4853
95 4986
95 5111
95 5286
95 5408
95 5508
95 5710
95 5794
95 6005
95 6072
95 6278
95 6320
95 6489
95 6688
96 3491
96 3517
96 3732
96 3786
96 4021
96 4075
96 4211
96 4406
96 4510
96 4747
96 4765
96 4937
96 5138
96 5304
96 5398
96 5507
96 5651
96 5799
96 6016
96 6144
96 6281
96 6322
96 6542
96 6668
97 3405
97 3608
97 3657
97 3833
97 4043
97 4174
97 4243
97 4408
97 4599
97 4653
97 4875
97 4954
97 5095
97 5192
97 5334
97 5547
97 5654
97 5771
97 5972
97 6148
97 6284
97 6414
97 6573
97 6674
98 3479
98 3613
98 3725
98 3812
98 3945
98 4137
98 4311
98 4373
98 4538
98 4638
98 4831
98 4909
98 5058
98 5279
98 5368
98 5468
98 5620
98 5849
98 5987
98 6057
98 6181
98 6314
98 6579
98 6596
99 3475
99 3584
99 3678
99 3915
99 4057
99 4177
99 4337
99 4419
99 4615
99 4626
99 4891
99 4943
99 5108
99 5263
99 5439
99 5517
99 5640
99 5869
99 5997
99 6082
99 6296
99 6301
99 6511
99 6607
100 3483
100 3569
100 3750
100 3908
100 3989
100 4061
100 4299
100 4350
100 4611
100 4712
100 4813
100 4910
100 5071
100 5268
100 5396
100 5504
100 5708
100 5847
100 5932
100 6129
100 6186
100 6389
100 6552
100 6583
101 3398
101 3538
101 3769
101 3903
101 3984
101 4086
101 4300
101 4448
101 4569
101 4680
101 4852
101 5020
101 5042
101 5243
101 5361
101 5526
101 5724
101 5835
101 5909
101 6039
101 6227
101 6323
101 6470
101 6639
102 3426
102 3557
102 3701
102 3802
102 3946
102 4164
102 4205
102 4402
102 4496
102 4759
102 4821
102 4968
102 5133
102 5262
102 5322
102 5574
102 5685
102 5816
102 5915
102 6106
102 6166
102 6381
102 6452
102 6654
103 3377
103 3510
103 3722
103 3838
103 3977
103 4065
103 4313
103 4397
103 4518
103 4731
103 4797
103 4915
103 5170
103 5200
103 5457
103 5497
103 5663
103 5797
103 5904
103 6096
103 6220
103 6406
103 6524
103 6628
104 3482
104 3580
104 3679
104 3803
104 3988
104 4175
104 4321
104 4413
104 4491
104 4661
104 4800
104 4994
104 5091
104 5290
104 5397
104 5520
104 5707
104 5840
104 6007
104 6133
104 6169
104 6326
104 6442
104 6643
105 3485
105 3632
105 3746
105 3875
105 4042
105 4186
105 4256
105 4450
105 4570
105 4672
105 4787
105 5035
105 5113
105 5277
105 5337
105 5567
105 5664
105 5825
105 5980
105 6077
105 6170
105 6330
105 6533
105 6695
106 3378
106 3558
106 3776
106 3868
106 4047
106 4121
106 4298
106 4415
106 4593
106 4737
106 4892
106 4975
106 5061
106 5248
106 5323
106 5571
106 5638
106 5855
106 5975
106 6073
106 6223
106 6311
106 6490
106 6679
107 3399
107 3618
107 3650
107 3914
107 4041
107 4076
107 4339
107 4387
107 4573
107 4702
107 4862
107 4961
107 5122
107 5261
107 5454
107 5463
107 5670
107 5851
107 5908
107 6115
107 6274
107 6403
107 6478
107 6709
108 3455
108 3601
108 3668
108 3821
108 3997
108 4138
108 4240
108 4349
108 4509
108 4745
108 4879
108 4998
108 5047
108 5305
108 5449
108 5473
108 5736
108 5820
108 5935
108 6078
108 6291
108 6420
108 6528
108 6590
109 3429
109 3511
109 3727
109 3852
109 4032
109 4062
109 4334
109 4369
109 4495
109 4675
109 4771
109 4930
109 5076
109 5267
109 5338
109 5496
109 5628
109 5866
109 6014
109 6069
109 6272
109 6324
109 6525
109 6605
110 3496
110 3578
110 3775
110 3834
110 3994
110 4081
110 4248
110 4360
110 4521
110 4652
110 4804
110 4949
110 5172
110 5238
110 5433
110 5552
110 5639
110 5876
110 5907
110 6034
110 6259
110 6307
110 6486
110 6632
111 3414
111 3588
111 3761
111 3792
111 3953
111 4070
111 4273
111 4395
111 4515
111 4727
111 4897
111 5032
111 5118
111 5202
111 5451
111 5579
111 5721
111 5862
111 5925
111 6043
111 6267
111 6417
111 6458
111 6613
112 3382
112 3575
112 3685
112 3860
112 4048
112 4180
112 4307
112 4445
112 4610
112 4659
112 4819
112 4903
112 5128
112 5284
112 5389
112 5541
112 5671
112 5860
112 5951
112 6062
112 6265
112 6332
112 6564
112 6694
113 3461
113 3611
113 3691
113 3865
113 3969
113 4158
113 4291
113 4425
113 4581
113 4698
113 4855
113 4988
113 5117
113 5197
113 5443
113 5588
113 5739
113 5793
113 6001
113 6134
113 6184
113 6440
113 6572
113 6581
114 3447
114 3583
114 3716
114 3831
114 3932
114 4195
114 4270
114 4359
114 4586
114 4625
114 4790
114 4963
114 5157
114 5310
114 5335
114 5475
114 5667
114 5779
114 5937
114 6109
114 6251
114 6433
114 6570
114 6676
115 3388
115 3547
115 3715
115 3841
115 3938
115 4067
115 4323
115 4424
115 4534
115 4760
115 4773
115 4947
115 5046
115 5293
115 5445
115 5499
115 5701
115 5850
115 5961
115 6127
115 6190
115 6405
115 6446
115 6638
116 3375
116 3514
116 3777
116 3843
116 3992
116 4156
116 4275
116 4432
116 4526
116 4666
116 4833
116 5030
116 5154
116 5299
116 5360
116 5525
116 5694
116 5744
116 6002
116 6116
116 6185
116 6303
116 6441
116 6712
117 3366
117 3570
117 3644
117 3866
117 4020
117 4160
117 4241
117 4385
117 4594
117 4630
117 4774
117 4984
117 5162
117 5295
117 5456
117 5521
117 5637
117 5767
117 5998
117 6091
117 6283
117 6434
117 6488
117 6644
118 3484
118 3508
118 3663
118 3795
118 3996
118 4173
118 4269
118 4478
118 4617
118 4656
118 4789
118 5018
118 5045
118 5229
118 5363
118 5598
118 5713
118 5809
118 5889
118 6022
118 6280
118 6375
118 6447
118 6631
119 3372
119 3586
119 3700
119 3862
119 3971
119 4132
119 4294
119 4474
119 4547
119 4639
119 4788
119 4967
119 5059
119 5270
119 5409
119 5592
119 5704
119 5753
119 5910
119 6074
119 6234
119 6331
119 6551
119 6713
120 3462
120 3546
120 3733
120 3917
120 3966
120 4100
120 4296
120 4378
120 4609
120 4651
120 4769
120 4990
120 5084
120 5211
120 5350
120 5511
120 5606
120 5741
120 5954
120 6104
120 6221
120 6357
120 6480
120 6707
121 3444
121 3571
121 3688
121 3859
121 4060
121 4129
121 4221
121 4390
121 4555
121 4670
121 4854
121 4939
121 5167
121 5292
121 5382
121 5512
121 5712
121 5754
121 5927
121 6053
121 6187
121 6412
121 6494
121 6664
122 3392
122 3587
122 3671
122 3784
122 4035
122 4183
122 4259
122 4442
122 4575
122 4708
122 4858
122 4992
122 5077
122 5224
122 5321
122 5471
122 5669
122 5757
122 5897
122 6132
122 6264
122 6364
122 6530
122 6642
123 3471
123 3600
123 3751
123 3798
123 4011
123 4191
123 4214
123 4396
123 4608
123 4689
123 4802
123 4913
123 5125
123 5280
123 5371
123 5572
123 5717
123 5817
123 5919
123 6085
123 6163
123 6362
123 6544
123 6594
124 3408
124 3602
124 3666
124 3828
124 4016
124 4192
124 4230
124 4418
124 4561
124 4717
124 4793
124 4935
124 5142
124 5206
124 5373
124 5554
124 5633
124 5857
124 5990
124 6120
124 6177
124 6390
124 6466
124 6622
125 3441
125 3555
125 3694
125 3817
125 4052
125 4090
125 4239
125 4444
125 4557
125 4634
125 4798
125 4938
125 5134
125 5199
125 5327
125 5583
125 5700
125 5836
125 5941
125 6048
125 6292
125 6340
125 6479
125 6711
126 3478
126 3567
126 3680
126 3850
126 3965
126 4154
126 4271
126 4367
126 4619
126 4716
126 4835
126 4933
126 5052
126 5190
126 5441
126 5477
126 5677
126 5831
126 5959
126 6045
126 6199
126 6382
126 6462
126 6625
127 3383
127 3518
127 3655
127 3815
127 3947
127 4168
127 4281
127 4433
127 4528
127 4658
127 4791
127 4934
127 5054
127 5198
127 5400
127 5591
127 5653
127 5769
127 5912
127 6052
127 6194
127 6388
127 6571
127 6584
128 3431
128 3506
128 3652
128 3897
128 3942
128 4078
128 4232
128 4417
128 4548
128 4684
128 4784
128 5040
128 5116
128 5215
128 5326
128 5519
128 5729
128 5777
128 5982
128 6027
128 6217
128 6423
128 6459
128 6686
129 3481
129 3564
129 3675
129 3888
129 4000
129 4092
129 4212
129 4429
129 4494
129 4632
129 4829
129 4916
129 5151
129 5312
129 5359
129 5493
129 5714
129 5800
129 5921
129 6095
129 6202
129 6353
129 6518
129 6593
130 3499
130 3605
130 3696
130 3782
130 3940
130 4116
130 4254
130 4443
130 4568
130 4660
130 4807
130 4929
130 5132
130 5212
130 5401
130 5568
130 5621
130 5751
130 5965
130 6030
130 6299
130 6319
130 6555
130 6689
131 3489
131 3590
131 3662
131 3902
131 3961
131 4166
131 4315
131 4439
131 4566
131 4664
131 4874
131 5021
131 5055
131 5244
131 5405
131 5472
131 5720
131 5774
131 5893
131 6103
131 6290
131 6310
131 6507
131 6626
132 3407
132 3596
132 3753
132 3822
132 3934
132 4111
132 4293
132 4399
132 4612
132 4629
132 4867
132 4965
132 5079
132 5285
132 5393
132 5543
132 5646
132 5781
132 6020
132 6149
132 6273
132 6410
132 6550
132 6651
133 3423
133 3612
133 3741
133 3787
133 3991
133 4094
133 4332
133 4400
133 4564
133 4729
133 4885
133 4971
133 5109
133 5308
133 5353
133 5506
133 5675
133 5785
133 5894
133 6157
133 6252
133 6407
133 6529
133 6618
134 3361
134 3603
134 3747
134 3881
134 3950
134 4199
134 4216
134 4449
134 4589
134 4662
134 4805
134 4906
134 5078
134 5247
134 5354
134 5586
134 5661
134 5856
134 5994
134 6158
134 6253
134 6371
134 6445
134 6675
135 3419
135 3629
135 3641
135 3799
135 3981
135 4147
135 4208
135 4393
135 4588
135 4753
135 4859
135 5024
135 5073
135 5314
135 5427
135 5531
135 5738
135 5815
135 5988
135 6105
135 6219
135 6411
135 6522
135 6691
136 3433
136 3610
136 3717
136 3820
136 3985
136 4131
136 4286
136 4392
136 4523
136 4682
136 4799
136 4973
136 5085
136 5276
136 5412
136 5542
136 5635
136 5819
136 5955
136 6118
136 6179
136 6384
136 6523
136 6719
137 3435
137 3524
137 3642
137 3809
137 3949
137 4112
137 4250
137 4376
137 4497
137 4724
137 4866
137 5038
137 5148
137 5313
137 5369
137 5565
137 5683
137 5865
137 5960
137 6093
137 6294
137 6394
137 6563
137 6637
138 3451
138 3528
138 3721
138 3885
138 3983
138 4098
138 4312
138 4470
138 4553
138 4722
138 4890
138 4976
138 5101
138 5209
138 5459
138 5491
138 5681
138 5852
138 5924
138 6035
138 6164
138 6439
138 6519
138 6645
139 3463
139 3568
139 3758
139 3836
139 4004
139 4106
139 4264
139 4412
139 4537
139 4655
139 4884
139 4969
139 5141
139 5319
139 5394
139 5581
139 5607
139 5783
139 5981
139 6154
139 6183
139 6308
139 6501
139 6591
140 3452
140 3563
140 3731
140 3857
140 4051
140 4113
140 4280
140 4459
140 4563
140 4676
140 4839
140 4960
140 5074
140 5259
140 5329
140 5487
140 5725
140 5755
140 5970
140 6102
140 6256
140 6372
140 6483
140 6649
