0 3 
176 330 
15 8 
1 20
1 339
1 476
1 623
1 823
1 1046
1 1224
1 1355
1 1559
1 1749
1 1852
1 1972
1 2229
1 2301
1 2601
2 8
2 325
2 354
2 577
2 719
2 989
2 1111
2 1300
2 1492
2 1596
2 1829
2 2039
2 2211
2 2405
2 2531
3 26
3 312
3 416
3 616
3 784
3 1002
3 1164
3 1236
3 1455
3 1691
3 1913
3 2109
3 2119
3 2423
3 2511
4 50
4 323
4 372
4 646
4 786
4 1054
4 1181
4 1258
4 1534
4 1724
4 1825
4 2040
4 2270
4 2442
4 2558
5 6
5 214
5 463
5 656
5 874
5 917
5 1114
5 1353
5 1515
5 1684
5 1807
5 2105
5 2239
5 2385
5 2604
6 110
6 218
6 470
6 585
6 850
6 947
6 1064
6 1383
6 1546
6 1601
6 1934
6 1992
6 2158
6 2407
6 2553
7 122
7 348
7 480
7 614
7 744
7 1026
7 1166
7 1267
7 1431
7 1722
7 1818
7 2102
7 2117
7 2297
7 2615
8 126
8 195
8 517
8 546
8 730
8 889
8 1211
8 1244
8 1459
8 1693
8 1928
8 2068
8 2152
8 2438
8 2546
9 164
9 278
9 513
9 615
9 731
9 1047
9 1128
9 1405
9 1410
9 1612
9 1927
9 2103
9 2228
9 2350
9 2605
10 17
10 260
10 368
10 687
10 762
10 958
10 1169
10 1317
10 1568
10 1741
10 1887
10 2004
10 2177
10 2371
10 2640
11 64
11 329
11 495
11 548
11 862
11 1018
11 1108
11 1253
11 1493
11 1740
11 1809
11 2025
11 2178
11 2448
11 2563
12 81
12 196
12 451
12 657
12 803
12 1048
12 1079
12 1359
12 1480
12 1733
12 1779
12 2067
12 2179
12 2375
12 2496
13 12
13 252
13 415
13 612
13 836
13 982
13 1115
13 1361
13 1426
13 1735
13 1886
13 2053
13 2130
13 2380
13 2632
14 108
14 335
14 442
14 631
14 806
14 918
14 1188
14 1397
14 1579
14 1704
14 1871
14 1946
14 2148
14 2422
14 2539
15 32
15 347
15 396
15 622
15 797
15 986
15 1203
15 1271
15 1530
15 1641
15 1923
15 2094
15 2191
15 2372
15 2486
16 11
16 237
16 440
16 579
16 754
16 925
16 1215
16 1402
16 1448
16 1632
16 1767
16 2059
16 2133
16 2418
16 2537
17 68
17 280
17 497
17 593
17 844
17 914
17 1125
17 1282
17 1487
17 1658
17 1846
17 1983
17 2275
17 2341
17 2487
18 131
18 247
18 455
18 568
18 779
18 953
18 1155
18 1351
18 1444
18 1599
18 1768
18 2096
18 2150
18 2441
18 2548
19 143
19 192
19 412
19 566
19 840
19 940
19 1218
19 1310
19 1556
19 1605
19 1830
19 2095
19 2252
19 2417
19 2473
20 161
20 346
20 381
20 609
20 849
20 909
20 1067
20 1333
20 1528
20 1746
20 1845
20 2030
20 2219
20 2315
20 2478
21 62
21 250
21 391
21 575
21 801
21 943
21 1206
21 1237
21 1535
21 1672
21 1895
21 1951
21 2286
21 2331
21 2497
22 74
22 350
22 487
22 559
22 774
22 979
22 1093
22 1250
22 1502
22 1714
22 1855
22 2073
22 2288
22 2360
22 2629
23 127
23 338
23 434
23 558
23 808
23 920
23 1137
23 1257
23 1501
23 1694
23 1842
23 2016
23 2269
23 2421
23 2480
24 57
24 297
24 363
24 667
24 866
24 922
24 1142
24 1315
24 1521
24 1686
24 1878
24 2079
24 2226
24 2390
24 2524
25 97
25 206
25 458
25 669
25 745
25 1027
25 1096
25 1301
25 1550
25 1639
25 1844
25 2062
25 2280
25 2362
25 2523
26 14
26 276
26 493
26 682
26 710
26 1053
26 1162
26 1320
26 1483
26 1671
26 1833
26 2050
26 2267
26 2450
26 2557
27 21
27 221
27 446
27 613
27 852
27 948
27 1087
27 1314
27 1434
27 1588
27 1781
27 1991
27 2136
27 2451
27 2610
28 23
28 246
28 492
28 691
28 839
28 992
28 1076
28 1346
28 1440
28 1697
28 1877
28 2032
28 2122
28 2368
28 2530
29 5
29 259
29 379
29 599
29 752
29 1049
29 1110
29 1241
29 1453
29 1647
29 1794
29 2057
29 2281
29 2311
29 2529
30 96
30 326
30 432
30 640
30 815
30 919
30 1212
30 1358
30 1517
30 1661
30 1892
30 2051
30 2169
30 2293
30 2474
31 84
31 334
31 528
31 604
31 810
31 1031
31 1057
31 1328
31 1469
31 1728
31 1793
31 2065
31 2132
31 2455
31 2621
32 107
32 236
32 427
32 557
32 706
32 951
32 1209
32 1274
32 1519
32 1680
32 1810
32 2009
32 2144
32 2387
32 2576
33 31
33 298
33 484
33 620
33 841
33 1001
33 1101
33 1393
33 1552
33 1720
33 1826
33 1956
33 2284
33 2458
33 2626
34 140
34 269
34 383
34 590
34 795
34 1037
34 1139
34 1264
34 1479
34 1626
34 1797
34 2013
34 2263
34 2319
34 2477
35 92
35 308
35 501
35 643
35 811
35 894
35 1225
35 1319
35 1577
35 1713
35 1798
35 2104
35 2231
35 2306
35 2522
36 58
36 304
36 465
36 677
36 743
36 1024
36 1065
36 1246
36 1451
36 1731
36 1766
36 1969
36 2127
36 2446
36 2466
37 175
37 341
37 421
37 551
37 781
37 1039
37 1170
37 1366
37 1484
37 1678
37 1801
37 1984
37 2120
37 2463
37 2526
38 133
38 235
38 397
38 628
38 770
38 904
38 1186
38 1265
38 1571
38 1754
38 1821
38 2046
38 2234
38 2304
38 2514
39 116
39 270
39 378
39 655
39 843
39 927
39 1059
39 1292
39 1560
39 1608
39 1858
39 2000
39 2256
39 2334
39 2579
40 103
40 185
40 468
40 536
40 751
40 908
40 1201
40 1247
40 1513
40 1715
40 1762
40 1962
40 2245
40 2361
40 2600
41 53
41 223
41 478
41 636
41 717
41 937
41 1229
41 1323
41 1541
41 1597
41 1935
41 1958
41 2124
41 2409
41 2481
42 111
42 284
42 385
42 678
42 748
42 1021
42 1122
42 1387
42 1481
42 1679
42 1908
42 2100
42 2264
42 2436
42 2569
43 76
43 187
43 496
43 679
43 863
43 915
43 1149
43 1280
43 1429
43 1594
43 1864
43 1965
43 2168
43 2289
43 2624
44 170
44 331
44 519
44 695
44 708
44 1023
44 1109
44 1382
44 1443
44 1711
44 1804
44 2019
44 2208
44 2369
44 2512
45 78
45 230
45 418
45 672
45 804
45 1022
45 1102
45 1279
45 1553
45 1685
45 1880
45 1989
45 2242
45 2419
45 2501
46 46
46 314
46 466
46 675
46 861
46 934
46 1200
46 1354
46 1491
46 1662
46 1853
46 1973
46 2131
46 2326
46 2503
47 109
47 285
47 356
47 605
47 827
47 902
47 1220
47 1337
47 1445
47 1744
47 1812
47 2107
47 2214
47 2373
47 2598
48 147
48 267
48 435
48 594
48 805
48 991
48 1095
48 1290
48 1423
48 1638
48 1910
48 2037
48 2202
48 2322
48 2617
49 156
49 268
49 472
49 630
49 791
49 893
49 1103
49 1378
49 1497
49 1699
49 1930
49 1966
49 2114
49 2300
49 2573
50 43
50 265
50 514
50 685
50 760
50 1010
50 1070
50 1332
50 1520
50 1690
50 1847
50 2101
50 2142
50 2411
50 2482
51 56
51 253
51 441
51 567
51 753
51 944
51 1223
51 1364
51 1573
51 1675
51 1926
51 1976
51 2196
51 2323
51 2517
52 19
52 254
52 504
52 690
52 824
52 901
52 1184
52 1392
52 1522
52 1619
52 1782
52 2022
52 2255
52 2352
52 2590
53 129
53 228
53 447
53 639
53 854
53 976
53 1080
53 1278
53 1551
53 1657
53 1820
53 2066
53 2170
53 2336
53 2634
54 44
54 319
54 382
54 701
54 829
54 1030
54 1195
54 1347
54 1524
54 1723
54 1900
54 2026
54 2121
54 2348
54 2586
55 18
55 321
55 355
55 689
55 837
55 1038
55 1089
55 1263
55 1529
55 1708
55 1914
55 1986
55 2172
55 2310
55 2582
56 115
56 242
56 527
56 654
56 734
56 1032
56 1078
56 1365
56 1461
56 1645
56 1919
56 2089
56 2162
56 2401
56 2616
57 125
57 179
57 522
57 571
57 741
57 969
57 1123
57 1272
57 1432
57 1617
57 1763
57 1971
57 2151
57 2317
57 2542
58 93
58 190
58 406
58 580
58 746
58 882
58 1228
58 1360
58 1420
58 1688
58 1906
58 2087
58 2123
58 2292
58 2519
59 2
59 332
59 524
59 617
59 764
59 985
59 1126
59 1287
59 1539
59 1705
59 1882
59 1981
59 2118
59 2396
59 2518
60 139
60 208
60 395
60 544
60 772
60 955
60 1189
60 1305
60 1452
60 1725
60 1803
60 2023
60 2230
60 2425
60 2612
61 130
61 320
61 422
61 638
61 737
61 1009
61 1222
61 1404
61 1500
61 1700
61 1867
61 2008
61 2138
61 2374
61 2543
62 162
62 184
62 413
62 680
62 728
62 1005
62 1172
62 1341
62 1414
62 1737
62 1785
62 1944
62 2241
62 2412
62 2547
63 34
63 199
63 437
63 692
63 848
63 896
63 1127
63 1298
63 1475
63 1634
63 1918
63 1937
63 2248
63 2313
63 2485
64 83
64 178
64 464
64 629
64 750
64 970
64 1227
64 1288
64 1435
64 1703
64 1902
64 1985
64 2146
64 2366
64 2484
65 75
65 283
65 512
65 538
65 820
65 1035
65 1190
65 1235
65 1506
65 1646
65 1890
65 2045
65 2145
65 2377
65 2583
66 29
66 188
66 374
66 597
66 725
66 928
66 1157
66 1375
66 1467
66 1598
66 1896
66 2076
66 2128
66 2309
66 2609
67 173
67 217
67 500
67 552
67 726
67 965
67 1124
67 1266
67 1547
67 1618
67 1909
67 1998
67 2157
67 2402
67 2525
68 172
68 177
68 424
68 573
68 740
68 931
68 1176
68 1240
68 1413
68 1591
68 1857
68 1953
68 2193
68 2342
68 2595
69 124
69 181
69 420
69 647
69 705
69 881
69 1113
69 1255
69 1510
69 1600
69 1856
69 2083
69 2167
69 2358
69 2465
70 15
70 244
70 521
70 574
70 856
70 941
70 1071
70 1313
70 1563
70 1644
70 1929
70 2090
70 2217
70 2395
70 2520
71 101
71 183
71 362
71 549
71 796
71 899
71 1187
71 1395
71 1512
71 1712
71 1875
71 2070
71 2198
71 2307
71 2560
72 151
72 313
72 398
72 562
72 845
72 900
72 1156
72 1329
72 1496
72 1613
72 1799
72 2077
72 2164
72 2426
72 2608
73 98
73 239
73 410
73 596
73 783
73 938
73 1062
73 1398
73 1540
73 1669
73 1770
73 2086
73 2190
73 2430
73 2593
74 71
74 327
74 450
74 537
74 771
74 936
74 1060
74 1260
74 1509
74 1682
74 1764
74 1955
74 2225
74 2454
74 2533
75 159
75 301
75 515
75 611
75 766
75 1051
75 1091
75 1294
75 1548
75 1719
75 1827
75 2058
75 2160
75 2440
75 2631
76 79
76 303
76 353
76 662
76 831
76 999
76 1135
76 1386
76 1572
76 1652
76 1921
76 2088
76 2113
76 2363
76 2479
77 168
77 213
77 479
77 693
77 715
77 1017
77 1159
77 1254
77 1470
77 1756
77 1773
77 2012
77 2140
77 2431
77 2483
78 67
78 180
78 485
78 564
78 722
78 984
78 1081
78 1269
78 1495
78 1655
78 1832
78 2099
78 2276
78 2453
78 2554
79 28
79 330
79 483
79 565
79 721
79 1033
79 1183
79 1277
79 1466
79 1738
79 1787
79 1940
79 2182
79 2428
79 2571
80 174
80 305
80 371
80 644
80 790
80 1008
80 1152
80 1357
80 1516
80 1687
80 1925
80 2072
80 2246
80 2416
80 2552
81 35
81 245
81 384
81 697
81 776
81 890
81 1133
81 1251
81 1504
81 1696
81 1899
81 2029
81 2277
81 2321
81 2508
82 30
82 216
82 361
82 635
82 876
82 885
82 1085
82 1334
82 1498
82 1592
82 1897
82 1960
82 2206
82 2345
82 2622
83 39
83 233
83 380
83 600
83 870
83 972
83 1177
83 1285
83 1447
83 1716
83 1796
83 1950
83 2224
83 2332
83 2597
84 123
84 345
84 370
84 694
84 816
84 906
84 1130
84 1374
84 1442
84 1758
84 1859
84 1988
84 2189
84 2432
84 2536
85 128
85 344
85 445
85 543
85 800
85 994
85 1058
85 1335
85 1463
85 1633
85 1924
85 1967
85 2218
85 2379
85 2559
86 152
86 211
86 510
86 569
86 819
86 1043
86 1090
86 1362
86 1460
86 1750
86 1861
86 1964
86 2222
86 2461
86 2550
87 87
87 291
87 414
87 660
87 807
87 997
87 1141
87 1344
87 1424
87 1676
87 1854
87 1980
87 2115
87 2382
87 2614
88 3
88 261
88 430
88 606
88 826
88 960
88 1140
88 1259
88 1457
88 1664
88 1916
88 2011
88 2173
88 2443
88 2545
89 135
89 220
89 491
89 561
89 716
89 905
89 1198
89 1303
89 1416
89 1630
89 1811
89 1939
89 2174
89 2343
89 2638
90 95
90 209
90 393
90 588
90 864
90 1000
90 1185
90 1338
90 1569
90 1615
90 1774
90 1957
90 2188
90 2403
90 2588
91 141
91 337
91 408
91 652
91 768
91 1036
91 1145
91 1348
91 1549
91 1660
91 1905
91 2005
91 2235
91 2447
91 2535
92 27
92 266
92 364
92 651
92 792
92 897
92 1204
92 1249
92 1458
92 1674
92 1879
92 2085
92 2125
92 2353
92 2570
93 9
93 352
93 482
93 578
93 813
93 971
93 1158
93 1242
93 1490
93 1648
93 1789
93 2021
93 2163
93 2394
93 2580
94 176
94 264
94 471
94 586
94 761
94 887
94 1131
94 1326
94 1477
94 1665
94 1778
94 2033
94 2274
94 2320
94 2541
95 65
95 306
95 407
95 535
95 812
95 921
95 1094
95 1234
95 1570
95 1695
95 1881
95 2044
95 2203
95 2433
95 2603
96 7
96 234
96 423
96 698
96 814
96 1020
96 1219
96 1400
96 1543
96 1732
96 1775
96 1995
96 2238
96 2393
96 2565
97 61
97 248
97 516
97 587
97 718
97 945
97 1171
97 1316
97 1564
97 1709
97 1874
97 1942
97 2187
97 2400
97 2521
98 70
98 333
98 462
98 560
98 747
98 1016
98 1063
98 1289
98 1494
98 1622
98 1872
98 2064
98 2165
98 2427
98 2528
99 63
99 255
99 467
99 541
99 793
99 895
99 1117
99 1391
99 1439
99 1653
99 1904
99 2014
99 2268
99 2413
99 2581
100 52
100 328
100 366
100 603
100 834
100 998
100 1106
100 1311
100 1507
100 1642
100 1834
100 2093
100 2195
100 2303
100 2540
101 148
101 302
101 375
101 642
101 851
101 952
101 1143
101 1350
101 1430
101 1726
101 1815
101 1996
101 2192
101 2406
101 2623
102 117
102 292
102 439
102 704
102 775
102 886
102 1084
102 1352
102 1508
102 1593
102 1932
102 1978
102 2209
102 2359
102 2589
103 94
103 294
103 367
103 550
103 735
103 898
103 1214
103 1284
103 1574
103 1635
103 1931
103 2060
103 2194
103 2302
103 2515
104 82
104 300
104 525
104 665
104 858
104 1028
104 1073
104 1384
104 1542
104 1587
104 1776
104 1970
104 2240
104 2351
104 2637
105 120
105 343
105 389
105 592
105 732
105 987
105 1097
105 1327
105 1454
105 1707
105 1863
105 2092
105 2147
105 2335
105 2506
106 100
106 207
106 449
106 681
106 759
106 1007
106 1153
106 1370
106 1531
106 1759
106 1907
106 2018
106 2259
106 2340
106 2596
107 138
107 311
107 454
107 533
107 822
107 1025
107 1066
107 1390
107 1473
107 1631
107 1802
107 1961
107 2129
107 2384
107 2507
108 155
108 293
108 369
108 661
108 712
108 983
108 1196
108 1238
108 1514
108 1721
108 1838
108 2003
108 2176
108 2338
108 2538
109 36
109 189
109 359
109 556
109 818
109 1003
109 1208
109 1293
109 1437
109 1636
109 1843
109 1938
109 2183
109 2439
109 2594
110 16
110 342
110 490
110 555
110 868
110 956
110 1138
110 1343
110 1558
110 1649
110 1819
110 1949
110 2137
110 2325
110 2591
111 149
111 225
111 357
111 532
111 782
111 891
111 1151
111 1394
111 1566
111 1760
111 1885
111 1943
111 2204
111 2344
111 2606
112 80
112 286
112 526
112 581
112 833
112 933
112 1136
112 1262
112 1499
112 1718
112 1814
112 2048
112 2205
112 2294
112 2534
113 55
113 263
113 392
113 649
113 872
113 963
113 1205
113 1339
113 1561
113 1710
113 1876
113 2002
113 2243
113 2299
113 2472
114 136
114 258
114 508
114 570
114 832
114 946
114 1061
114 1283
114 1523
114 1747
114 1884
114 2063
114 2279
114 2316
114 2505
115 54
115 281
115 475
115 591
115 711
115 1004
115 1116
115 1330
115 1482
115 1656
115 1816
115 1979
115 2126
115 2429
115 2575
116 150
116 232
116 498
116 576
116 846
116 964
116 1230
116 1233
116 1576
116 1670
116 1912
116 2052
116 2282
116 2337
116 2592
117 47
117 272
117 429
117 534
117 825
117 996
117 1154
117 1399
117 1474
117 1743
117 1862
117 1987
117 2215
117 2308
117 2532
118 40
118 307
118 459
118 598
118 707
118 892
118 1132
118 1248
118 1419
118 1624
118 1765
118 2017
118 2221
118 2444
118 2587
119 167
119 205
119 489
119 633
119 729
119 1013
119 1146
119 1275
119 1468
119 1595
119 1848
119 2049
119 2141
119 2462
119 2599
120 90
120 296
120 509
120 621
120 720
120 926
120 1077
120 1340
120 1438
120 1757
120 1791
120 2027
120 2184
120 2291
120 2549
121 105
121 256
121 401
121 608
121 802
121 981
121 1163
121 1406
121 1415
121 1753
121 1780
121 2010
121 2236
121 2435
121 2639
122 24
122 295
122 409
122 664
122 857
122 1040
122 1180
122 1396
122 1436
122 1651
122 1936
122 2097
122 2153
122 2445
122 2471
123 121
123 210
123 358
123 531
123 879
123 1042
123 1112
123 1239
123 1425
123 1589
123 1769
123 2006
123 2223
123 2354
123 2499
124 38
124 349
124 360
124 601
124 871
124 910
124 1120
124 1312
124 1565
124 1745
124 1869
124 2024
124 2271
124 2388
124 2625
125 66
125 197
125 438
125 670
125 749
125 888
125 1217
125 1385
125 1456
125 1681
125 1891
125 2078
125 2175
125 2408
125 2516
126 72
126 212
126 503
126 663
126 828
126 993
126 1147
126 1252
126 1472
126 1742
126 1835
126 2098
126 2171
126 2355
126 2633
127 113
127 241
127 377
127 650
127 847
127 974
127 1086
127 1371
127 1533
127 1640
127 1828
127 1947
127 2233
127 2328
127 2509
128 118
128 257
128 452
128 584
128 765
128 1011
128 1082
128 1373
128 1532
128 1586
128 1813
128 2061
128 2273
128 2376
128 2566
129 51
129 282
129 444
129 618
129 842
129 913
129 1105
129 1309
129 1580
129 1673
129 1868
129 2069
129 2254
129 2383
129 2636
130 13
130 203
130 499
130 632
130 789
130 975
130 1100
130 1295
130 1441
130 1727
130 1761
130 2071
130 2186
130 2389
130 2544
131 10
131 222
131 436
131 554
131 798
131 978
131 1075
131 1336
131 1409
131 1604
131 1841
131 2081
131 2154
131 2398
131 2607
132 142
132 219
132 425
132 645
132 755
132 949
132 1194
132 1322
132 1503
132 1621
132 1792
132 2111
132 2135
132 2339
132 2475
133 4
133 287
133 481
133 607
133 838
133 995
133 1192
133 1345
133 1427
133 1637
133 1788
133 1994
133 2116
133 2460
133 2628
134 69
134 231
134 417
134 583
134 860
134 884
134 1197
134 1363
134 1562
134 1620
134 1865
134 2091
134 2161
134 2290
134 2489
135 91
135 275
135 460
135 572
135 757
135 1050
135 1068
135 1372
135 1578
135 1689
135 1898
135 2112
135 2250
135 2314
135 2504
136 37
136 309
136 386
136 529
136 867
136 990
136 1226
136 1243
136 1538
136 1590
136 1840
136 2082
136 2220
136 2329
136 2498
137 86
137 227
137 404
137 602
137 880
137 939
137 1207
137 1297
137 1428
137 1706
137 1808
137 2020
137 2261
137 2357
137 2510
138 160
138 336
138 502
138 703
138 865
138 967
138 1161
138 1306
138 1422
138 1730
138 1883
138 1977
138 2278
138 2365
138 2602
139 41
139 215
139 469
139 671
139 767
139 966
139 1099
139 1331
139 1518
139 1736
139 1771
139 1948
139 2155
139 2347
139 2584
140 99
140 324
140 505
140 702
140 875
140 950
140 1092
140 1308
140 1465
140 1643
140 1893
140 2055
140 2232
140 2464
140 2613
141 1
141 243
141 443
141 589
141 877
141 954
141 1182
141 1377
141 1511
141 1623
141 1790
141 1990
141 2199
141 2459
141 2467
142 112
142 318
142 506
142 540
142 869
142 923
142 1104
142 1408
142 1544
142 1698
142 1786
142 2047
142 2185
142 2381
142 2470
143 169
143 289
143 477
143 668
143 769
143 988
143 1160
143 1268
143 1488
143 1629
143 1823
143 2056
143 2258
143 2346
143 2562
144 165
144 274
144 456
144 610
144 830
144 980
144 1144
144 1324
144 1449
144 1751
144 1888
144 2034
144 2283
144 2424
144 2492
145 154
145 191
145 365
145 686
145 773
145 957
145 1098
145 1389
145 1536
145 1585
145 1917
145 2035
145 2262
145 2349
145 2490
146 137
146 186
146 433
146 627
146 738
146 959
146 1173
146 1281
146 1525
146 1650
146 1911
146 2041
146 2251
146 2392
146 2551
147 89
147 299
147 494
147 700
147 724
147 1029
147 1221
147 1273
147 1575
147 1609
147 1915
147 2007
147 2134
147 2434
147 2620
148 119
148 271
148 431
148 659
148 788
148 916
148 1193
148 1368
148 1537
148 1611
148 1866
148 2042
148 2200
148 2356
148 2574
149 104
149 279
149 518
149 545
149 763
149 1034
149 1072
149 1388
149 1418
149 1752
149 1901
149 1993
149 2260
149 2452
149 2635
150 146
150 351
150 473
150 688
150 817
150 929
150 1191
150 1342
150 1557
150 1748
150 1860
150 2031
150 2159
150 2437
150 2567
151 77
151 226
151 428
151 648
151 780
151 968
151 1213
151 1299
151 1421
151 1734
151 1933
151 2054
151 2139
151 2456
151 2577
152 73
152 200
152 419
152 539
152 742
152 924
152 1069
152 1286
152 1582
152 1755
152 1824
152 2110
152 2266
152 2364
152 2561
153 171
153 182
153 388
153 595
153 821
153 903
153 1210
153 1369
153 1527
153 1628
153 1795
153 2028
153 2253
153 2296
153 2555
154 166
154 224
154 426
154 699
154 859
154 911
154 1083
154 1245
154 1476
154 1667
154 1894
154 1959
154 2285
154 2420
154 2513
155 48
155 249
155 520
155 563
155 756
155 977
155 1199
155 1318
155 1433
155 1717
155 1903
155 2106
155 2201
155 2399
155 2564
156 134
156 240
156 394
156 676
156 714
156 942
156 1150
156 1302
156 1545
156 1625
156 1849
156 1975
156 2149
156 2378
156 2585
157 59
157 262
157 405
157 634
157 777
157 907
157 1174
157 1296
157 1471
157 1602
157 1836
157 1982
157 2156
157 2318
157 2578
158 60
158 277
158 511
158 641
158 709
158 1012
158 1167
158 1356
158 1567
158 1654
158 1784
158 1952
158 2216
158 2312
158 2468
159 22
159 238
159 448
159 683
159 873
159 1055
159 1231
159 1403
159 1486
159 1659
159 1805
159 2108
159 2287
159 2324
159 2488
160 132
160 202
160 457
160 674
160 794
160 962
160 1175
160 1256
160 1462
160 1701
160 1806
160 2036
160 2257
160 2327
160 2502
161 42
161 201
161 402
161 684
161 835
161 883
161 1165
161 1407
161 1446
161 1666
161 1831
161 2043
161 2244
161 2457
161 2494
162 145
162 288
162 390
162 582
162 758
162 1006
162 1118
162 1321
162 1554
162 1729
162 1783
162 2075
162 2143
162 2298
162 2568
163 88
163 204
163 373
163 542
163 799
163 973
163 1178
163 1291
163 1450
163 1614
163 1777
163 1941
163 2272
163 2386
163 2476
164 158
164 316
164 411
164 530
164 733
164 1056
164 1134
164 1307
164 1478
164 1683
164 1873
164 2080
164 2207
164 2295
164 2500
165 153
165 290
165 376
165 553
165 853
165 1015
165 1232
165 1381
165 1555
165 1610
165 1822
165 2038
165 2247
165 2397
165 2618
166 106
166 229
166 523
166 666
166 878
166 930
166 1107
166 1304
166 1485
166 1606
166 1837
166 1945
166 2265
166 2391
166 2630
167 157
167 273
167 403
167 625
167 727
167 1052
167 1148
167 1270
167 1464
167 1616
167 1839
167 2015
167 2249
167 2415
167 2491
168 33
168 322
168 486
168 696
168 785
168 1045
168 1129
168 1380
168 1411
168 1677
168 1870
168 1963
168 2212
168 2367
168 2556
169 45
169 194
169 488
169 653
169 778
169 932
169 1216
169 1376
169 1581
169 1663
169 1889
169 2084
169 2180
169 2414
169 2527
170 85
170 193
170 474
170 658
170 723
170 961
170 1119
170 1349
170 1583
170 1702
170 1920
170 2001
170 2237
170 2404
170 2627
171 49
171 198
171 387
171 619
171 809
171 1044
171 1179
171 1261
171 1412
171 1692
171 1800
171 1968
171 2181
171 2370
171 2611
172 25
172 251
172 399
172 624
172 739
172 1014
172 1074
172 1276
172 1584
172 1607
172 1850
172 1954
172 2213
172 2333
172 2469
173 144
173 317
173 453
173 673
173 855
173 912
173 1202
173 1325
173 1526
173 1603
173 1817
173 2074
173 2227
173 2410
173 2493
174 114
174 315
174 400
174 626
174 713
174 935
174 1088
174 1379
174 1417
174 1739
174 1922
174 1974
174 2210
174 2330
174 2495
175 163
175 310
175 461
175 637
175 736
175 1041
175 1121
175 1367
175 1505
175 1627
175 1851
175 1997
175 2166
175 2449
175 2619
176 102
176 340
176 507
176 547
176 787
176 1019
176 1168
176 1401
176 1489
176 1668
176 1772
176 1999
176 2197
176 2305
176 2572
1 2710
1 3293
1 3620
1 3732
1 4261
1 4464
1 4761
1 4964
2 2670
2 3057
2 3329
2 3899
2 3990
2 4602
2 4639
2 5258
3 2847
3 3252
3 3621
3 3921
3 4106
3 4359
3 4708
3 4981
4 2896
4 3161
4 3484
4 3791
4 4238
4 4619
4 4909
4 5248
5 2709
5 3153
5 3437
5 3636
5 4208
5 4336
5 4673
5 5029
6 2834
6 3206
6 3580
6 3913
6 4026
6 4348
6 4939
6 5130
7 2900
7 3112
7 3475
7 3889
7 4098
7 4577
7 4829
7 5050
8 2661
8 3278
8 3415
8 3820
8 3961
8 4371
8 4798
8 5222
9 2832
9 3033
9 3402
9 3904
9 3985
9 4544
9 4803
9 5261
10 2649
10 3083
10 3398
10 3960
10 4256
10 4378
10 4830
10 5236
11 2936
11 3181
11 3350
11 3783
11 4143
11 4515
11 4642
11 5231
12 2963
12 3006
12 3346
12 3831
12 4069
12 4400
12 4881
12 5154
13 2945
13 3280
13 3427
13 3763
13 3995
13 4534
13 4937
13 5240
14 2926
14 3294
14 3432
14 3753
14 4195
14 4403
14 4700
14 5188
15 2717
15 3097
15 3337
15 3781
15 4185
15 4505
15 4685
15 5221
16 2877
16 3268
16 3320
16 3933
16 4221
16 4616
16 4775
16 5076
17 2849
17 2988
17 3412
17 3693
17 3975
17 4578
17 4749
17 5121
18 2663
18 3099
18 3449
18 3874
18 4003
18 4352
18 4786
18 5170
19 2859
19 2975
19 3579
19 3948
19 4182
19 4614
19 4652
19 5275
20 2938
20 3193
20 3388
20 3776
20 4045
20 4599
20 4875
20 5134
21 2860
21 3143
21 3584
21 3724
21 4222
21 4407
21 4822
21 4959
22 2650
22 3283
22 3486
22 3751
22 4237
22 4604
22 4730
22 5244
23 2666
23 3138
23 3424
23 3723
23 4249
23 4563
23 4810
23 5177
24 2827
24 3289
24 3565
24 3861
24 4151
24 4313
24 4807
24 5276
25 2953
25 3094
25 3367
25 3859
25 4160
25 4584
25 4751
25 5242
26 2759
26 2992
26 3517
26 3774
26 3976
26 4399
26 4925
26 5274
27 2807
27 3182
27 3477
27 3669
27 3991
27 4546
27 4710
27 5086
28 2767
28 3299
28 3411
28 3706
28 4020
28 4518
28 4676
28 5172
29 2712
29 3253
29 3560
29 3632
29 4114
29 4447
29 4927
29 5045
30 2734
30 3186
30 3394
30 3664
30 4192
30 4350
30 4923
30 5116
31 2817
31 3037
31 3499
31 3713
31 4049
31 4617
31 4738
31 5135
32 2871
32 3286
32 3601
32 3769
32 4263
32 4412
32 4747
32 5096
33 2902
33 3030
33 3568
33 3656
33 4031
33 4499
33 4627
33 5051
34 2740
34 3273
34 3462
34 3835
34 4100
34 4455
34 4840
34 5163
35 2918
35 3197
35 3590
35 3896
35 4258
35 4385
35 4704
35 5208
36 2782
36 3009
36 3509
36 3947
36 4166
36 4504
36 4664
36 5235
37 2815
37 3213
37 3366
37 3777
37 4157
37 4458
37 4802
37 4955
38 2754
38 3214
38 3485
38 3773
38 4285
38 4398
38 4712
38 5139
39 2642
39 3236
39 3542
39 3928
39 4176
39 4586
39 4828
39 5078
40 2696
40 3021
40 3562
40 3736
40 4247
40 4453
40 4640
40 5107
41 2863
41 3088
41 3428
41 3660
41 4264
41 4495
41 4727
41 5241
42 2799
42 3189
42 3522
42 3681
42 4047
42 4389
42 4688
42 5271
43 2931
43 3107
43 3419
43 3926
43 4150
43 4381
43 4674
43 5015
44 2934
44 3035
44 3488
44 3923
44 4273
44 4560
44 4932
44 5028
45 2954
45 3046
45 3341
45 3807
45 4188
45 4418
45 4745
45 5148
46 2831
46 3079
46 3455
46 3800
46 3979
46 4308
46 4799
46 5187
47 2950
47 3034
47 3464
47 3902
47 4206
47 4594
47 4759
47 4990
48 2779
48 3171
48 3502
48 3775
48 3980
48 4597
48 4817
48 5024
49 2964
49 3291
49 3519
49 3833
49 4164
49 4569
49 4871
49 5155
50 2960
50 3259
50 3457
50 3718
50 4281
50 4438
50 4766
50 5056
51 2743
51 3014
51 3306
51 3651
51 4014
51 4478
51 4629
51 5266
52 2912
52 3242
52 3422
52 3915
52 4236
52 4440
52 4767
52 4986
53 2683
53 3194
53 3576
53 3787
53 4052
53 4581
53 4914
53 4995
54 2824
54 3156
54 3426
54 3868
54 4042
54 4294
54 4756
54 5185
55 2786
55 3113
55 3529
55 3934
55 4128
55 4431
55 4790
55 5280
56 2781
56 3070
56 3302
56 3894
56 4010
56 4491
56 4921
56 5110
57 2724
57 3065
57 3592
57 3937
57 4189
57 4446
57 4649
57 5087
58 2886
58 3169
58 3619
58 3954
58 4089
58 4588
58 4729
58 5243
59 2704
59 3040
59 3385
59 3825
59 4016
59 4320
59 4816
59 5259
60 2784
60 3264
60 3425
60 3906
60 4117
60 4310
60 4904
60 5094
61 2820
61 3063
61 3549
61 3846
61 4246
61 4469
61 4949
61 4952
62 2732
62 3119
62 3347
62 3811
62 4227
62 4330
62 4753
62 5036
63 2783
63 3295
63 3515
63 3786
63 4242
63 4327
63 4823
63 5137
64 2645
64 3170
64 3416
64 3832
64 4287
64 4583
64 4748
64 5118
65 2763
65 3127
65 3572
65 3857
65 3973
65 4508
65 4800
65 4957
66 2920
66 3266
66 3470
66 3922
66 4254
66 4574
66 4657
66 5099
67 2751
67 3044
67 3332
67 3650
67 4070
67 4493
67 4805
67 5217
68 2694
68 3109
68 3458
68 3748
68 3988
68 4589
68 4638
68 5018
69 2916
69 3166
69 3468
69 3843
69 3965
69 4487
69 4876
69 5218
70 2883
70 3087
70 3569
70 3699
70 4005
70 4374
70 4858
70 4974
71 2875
71 3160
71 3605
71 3766
71 4201
71 4603
71 4908
71 5131
72 2796
72 3251
72 3536
72 3863
72 4137
72 4496
72 4896
72 5081
73 2937
73 3096
73 3630
73 3686
73 4077
73 4538
73 4624
73 5023
74 2641
74 3245
74 3454
74 3872
74 4085
74 4468
74 4765
74 4996
75 2794
75 3202
75 3586
75 3936
75 4086
75 4423
75 4785
75 5063
76 2676
76 3055
76 3308
76 3956
76 4165
76 4471
76 4763
76 5026
77 2856
77 3256
77 3582
77 3659
77 4119
77 4490
77 4895
77 5180
78 2830
78 3031
78 3444
78 3785
78 4156
78 4520
78 4671
78 5109
79 2956
79 3159
79 3557
79 3646
79 4209
79 4450
79 4636
79 5272
80 2921
80 3017
80 3420
80 3742
80 4008
80 4340
80 4632
80 5089
81 2816
81 3282
81 3607
81 3643
81 4252
81 4579
81 4924
81 5097
82 2802
82 3029
82 3318
82 3756
82 4152
82 4488
82 4915
82 5008
83 2684
83 3045
83 3504
83 3716
83 4147
83 4477
83 4743
83 5257
84 2837
84 3200
84 3610
84 3696
84 4278
84 4543
84 4758
84 5127
85 2800
85 2982
85 3480
85 3818
85 4267
85 4408
85 4883
85 5173
86 2722
86 3233
86 3301
86 3853
86 4149
86 4420
86 4648
86 5114
87 2651
87 3155
87 3372
87 3914
87 3984
87 4481
87 4732
87 5250
88 2658
88 3175
88 3533
88 3909
88 4177
88 4428
88 4869
88 5074
89 2825
89 3019
89 3344
89 3747
89 3977
89 4386
89 4646
89 5209
90 2659
90 3216
90 3390
90 3799
90 4121
90 4318
90 4659
90 5059
91 2913
91 3076
91 3396
91 3731
91 4059
91 4334
91 4839
91 5214
92 2708
92 3115
92 3375
92 3935
92 4109
92 4338
92 4728
92 4968
93 2728
93 3002
93 3404
93 3661
93 4105
93 4620
93 4628
93 5212
94 2810
94 3230
94 3513
94 3667
94 4066
94 4391
94 4929
94 5105
95 2852
95 3062
95 3523
95 3847
95 4255
95 4362
95 4820
95 5232
96 2739
96 3018
96 3325
96 3829
96 4123
96 4317
96 4897
96 5082
97 2838
97 3176
97 3453
97 3887
97 4270
97 4435
97 4892
97 5193
98 2935
98 2977
98 3539
98 3814
98 4048
98 4592
98 4793
98 5122
99 2669
99 3211
99 3511
99 3788
99 3982
99 4535
99 4722
99 5005
100 2757
100 3095
100 3339
100 3851
100 4064
100 4475
100 4621
100 5264
101 2958
101 3110
101 3405
101 3836
101 4204
101 4452
101 4736
101 5031
102 2677
102 3105
102 3323
102 3828
102 3981
102 4459
102 4689
102 5128
103 2881
103 3129
103 3321
103 3865
103 3969
103 4567
103 4872
103 5061
104 2878
104 3196
104 3555
104 3842
104 4178
104 4432
104 4891
104 5140
105 2749
105 3185
105 3611
105 3743
105 4007
105 4332
105 4750
105 5117
106 2652
106 3178
106 3328
106 3720
106 4217
106 4366
106 4644
106 5263
107 2714
107 3015
107 3600
107 3917
107 4061
107 4384
107 4933
107 5204
108 2806
108 2976
108 3615
108 3644
108 4244
108 4363
108 4681
108 5044
109 2727
109 3122
109 3578
109 3649
109 4054
109 4562
109 4779
109 5149
110 2959
110 3150
110 3598
110 3815
110 4126
110 4443
110 4787
110 5278
111 2720
111 3128
111 3406
111 3782
111 3967
111 4571
111 4746
111 5194
112 2705
112 3201
112 3421
112 3641
112 4076
112 4615
112 4739
112 5058
113 2789
113 3208
113 3381
113 3944
113 4253
113 4394
113 4788
113 5182
114 2892
114 3067
114 3391
114 3726
114 4032
114 4611
114 4696
114 5191
115 2760
115 2995
115 3374
115 3819
115 4286
115 4600
115 4917
115 5162
116 2857
116 3016
116 3567
116 3684
116 4274
116 4507
116 4938
116 4953
117 2949
117 2986
117 3452
117 3844
117 4025
117 4613
117 4718
117 5228
118 2851
118 3177
118 3343
118 3759
118 4190
118 4397
118 4916
118 4984
119 2762
119 2973
119 3570
119 3852
119 4057
119 4439
119 4634
119 5174
120 2685
120 3173
120 3595
120 3728
120 4112
120 4387
120 4806
120 5136
121 2721
121 3205
121 3483
121 3919
121 4084
121 4610
121 4818
121 5252
122 2711
122 3243
122 3445
122 3698
122 4073
122 4461
122 4783
122 5262
123 2846
123 3254
123 3501
123 3689
123 4053
123 4557
123 4893
123 5002
124 2665
124 2972
124 3540
124 3931
124 3968
124 4480
124 4656
124 5041
125 2795
125 3141
125 3364
125 3816
125 4216
125 4442
125 4662
125 5178
126 2948
126 3260
126 3508
126 3955
126 4036
126 4494
126 4905
126 5144
127 2656
127 3265
127 3461
127 3739
127 3966
127 4540
127 4900
127 5070
128 2941
128 3026
128 3558
128 3796
128 4186
128 4549
128 4725
128 4983
129 2719
129 3271
129 3613
129 3803
129 4197
129 4572
129 4860
129 4982
130 2657
130 3247
130 3506
130 3658
130 4234
130 4575
130 4641
130 5088
131 2910
131 3222
131 3305
131 3898
131 4124
131 4554
131 4744
131 5085
132 2653
132 3167
132 3603
132 3772
132 4004
132 4531
132 4890
132 5169
133 2697
133 3263
133 3545
133 3765
133 4207
133 4376
133 4880
133 5239
134 2682
134 3106
134 3441
134 3697
134 4087
134 4467
134 4791
134 4989
135 2798
135 3250
135 3382
135 3750
135 4180
135 4516
135 4918
135 4961
136 2882
136 3262
136 3495
136 3666
136 4138
136 4414
136 4936
136 5245
137 2671
137 3187
137 3585
137 3839
137 4154
137 4526
137 4906
137 5138
138 2755
138 3191
138 3575
138 3838
138 3989
138 4542
138 4801
138 5206
139 2681
139 3215
139 3451
139 3692
139 4228
139 4298
139 4903
139 5106
140 2752
140 3172
140 3596
140 3703
140 4183
140 4367
140 4824
140 5111
141 2866
141 3102
141 3335
141 3945
141 4288
141 4536
141 4865
141 5020
142 2672
142 3068
142 3625
142 3953
142 4187
142 4573
142 4733
142 5219
143 2925
143 3232
143 3624
143 3738
143 4171
143 4347
143 4836
143 4966
144 2932
144 3038
144 3354
144 3734
144 4159
144 4537
144 4772
144 4997
145 2764
145 3013
145 3494
145 3801
145 4277
145 4436
145 4757
145 5101
146 2826
146 3261
146 3456
146 3938
146 4044
146 4346
146 4672
146 5265
147 2909
147 2979
147 3357
147 3746
147 3999
147 4419
147 4873
147 4979
148 2788
148 3168
148 3407
148 3725
148 4037
148 4492
148 4930
148 5153
149 2899
149 3275
149 3307
149 3665
149 4130
149 4503
149 4776
149 5072
150 2750
150 3137
150 3336
150 3672
150 4260
150 4523
150 4713
150 4971
151 2967
151 2997
151 3446
151 3695
151 4223
151 4448
151 4622
151 4992
152 2904
152 3001
152 3440
152 3878
152 4108
152 4606
152 4831
152 5033
153 2957
153 2989
153 3525
153 3925
153 4102
153 4417
153 4714
153 5003
154 2942
154 3246
154 3326
154 3885
154 4091
154 4390
154 4784
154 5093
155 2689
155 3053
155 3520
155 3715
155 4081
155 4375
155 4863
155 5030
156 2869
156 3240
156 3429
156 3633
156 3983
156 4321
156 4684
156 5013
157 2901
157 3004
157 3577
157 3722
157 4103
157 4312
157 4691
157 5246
158 2903
158 2971
158 3460
158 3882
158 4282
158 4392
158 4945
158 5104
159 2848
159 3080
159 3408
159 3761
159 4276
159 4319
159 4950
159 5047
160 2673
160 3008
160 3535
160 3673
160 4133
160 4500
160 4884
160 4958
161 2854
161 2983
161 3526
161 3911
161 4173
161 4524
161 4859
161 5176
162 2907
162 3223
162 3589
162 3797
162 4230
162 4451
162 4686
162 5057
163 2833
163 2994
163 3500
163 3877
163 4275
163 4555
163 4919
163 4963
164 2725
164 3100
164 3479
164 3941
164 4213
164 4415
164 4797
164 5186
165 2890
165 3058
165 3608
165 3674
165 3994
165 4501
165 4687
165 5210
166 2718
166 3023
166 3505
166 3890
166 4265
166 4612
166 4894
166 5115
167 2744
167 3229
167 3352
167 3784
167 4289
167 4550
167 4866
167 5249
168 2706
168 3144
168 3481
168 3837
168 4096
168 4328
168 4821
168 5152
169 2776
169 3221
169 3556
169 3719
169 4017
169 4582
169 4711
169 5124
170 2774
170 3118
170 3383
170 3817
170 4224
170 4396
170 4898
170 5025
171 2662
171 3217
171 3377
171 3789
171 4065
171 4482
171 4811
171 4999
172 2812
172 3098
172 3353
172 3676
172 4225
172 4377
172 4835
172 5227
173 2823
173 3011
173 3370
173 3939
173 4145
173 4609
173 4706
173 5164
174 2887
174 3174
174 3627
174 3744
174 4214
174 4304
174 4734
174 5251
175 2692
175 3069
175 3527
175 3949
175 4034
175 4314
175 4667
175 5069
176 2741
176 3140
176 3534
176 3682
176 4163
176 4462
176 4796
176 5016
177 2715
177 3207
177 3496
177 3881
177 4199
177 4525
177 4794
177 4980
178 2686
178 3061
178 3403
178 3790
178 4051
178 4460
178 4737
178 5267
179 2675
179 3147
179 3351
179 3727
179 4135
179 4364
179 4834
179 5175
180 2895
180 2996
180 3593
180 3932
180 4090
180 4411
180 4654
180 5211
181 2735
181 3234
181 3414
181 3670
181 4027
181 4466
181 4934
181 5201
182 2862
182 3152
182 3489
182 3864
182 4075
182 4433
182 4844
182 5010
183 2940
183 3165
183 3552
183 3870
183 4203
183 4506
183 4678
183 5012
184 2808
184 3188
184 3518
184 3709
184 4202
184 4608
184 4682
184 5079
185 2853
185 3130
185 3626
185 3757
185 4161
185 4323
185 4854
185 5151
186 2842
186 3032
186 3532
186 3910
186 4038
186 4530
186 4724
186 4994
187 2814
187 3300
187 3490
187 3640
187 4058
187 4349
187 4631
187 4956
188 2928
188 3227
188 3386
188 3903
188 4030
188 4449
188 4669
188 5171
189 2874
189 3270
189 3510
189 3873
189 4219
189 4429
189 4845
189 5229
190 2969
190 2987
190 3410
190 3760
190 4169
190 4301
190 4948
190 4993
191 2970
191 3288
191 3587
191 3755
191 4283
191 4528
191 4879
191 5255
192 2766
192 3199
192 3349
192 3691
192 4235
192 4558
192 4770
192 5119
193 2707
193 3231
193 3376
193 3657
193 4139
193 4509
193 4731
193 5207
194 2746
194 3224
194 3561
194 3705
194 4231
194 4424
194 4626
194 5179
195 2654
195 2991
195 3315
195 3712
195 4193
195 4545
195 4716
195 5253
196 2647
196 3049
196 3322
196 3891
196 4012
196 4527
196 4841
196 5142
197 2929
197 3180
197 3618
197 3685
197 4074
197 4568
197 4707
197 5102
198 2933
198 3255
198 3551
198 3897
198 4013
198 4430
198 4771
198 5146
199 2772
199 3012
199 3476
199 3950
199 4162
199 4598
199 4760
199 5256
200 2648
200 3092
200 3583
200 3730
200 4011
200 4601
200 4769
200 4969
201 2840
201 3047
201 3368
201 3680
201 4136
201 4311
201 4940
201 5009
202 2660
202 3075
202 3588
202 3707
202 4116
202 4576
202 4661
202 4977
203 2674
203 3241
203 3617
203 3679
203 4021
203 4388
203 4943
203 5225
204 2891
204 2999
204 3473
204 3687
204 4129
204 4425
204 4660
204 5113
205 2664
205 3036
205 3466
205 3758
205 3998
205 4365
205 4832
205 4985
206 2966
206 3134
206 3559
206 3798
206 4060
206 4406
206 4721
206 5161
207 2885
207 3274
207 3463
207 3780
207 4251
207 4292
207 4694
207 5075
208 2701
208 3125
208 3537
208 3688
208 4284
208 4358
208 4625
208 4972
209 2868
209 3269
209 3363
209 3880
209 4015
209 4339
209 4942
209 5158
210 2897
210 3124
210 3546
210 3700
210 4001
210 4331
210 4815
210 5060
211 2915
211 3198
211 3373
211 3802
211 4028
211 4541
211 4764
211 5011
212 2690
212 2981
212 3314
212 3840
212 4082
212 4337
212 4651
212 5040
213 2748
213 3145
213 3581
213 3869
213 4155
213 4498
213 4877
213 5233
214 2889
214 3149
214 3550
214 3916
214 3978
214 4484
214 4935
214 4962
215 2965
215 3005
215 3524
215 3912
215 3972
215 4580
215 4928
215 5068
216 2876
216 3133
216 3604
216 3856
216 4229
216 4485
216 4847
216 5037
217 2804
217 3142
217 3304
217 3768
217 4043
217 4322
217 4902
217 5083
218 2867
218 3212
218 3573
218 3779
218 4107
218 4587
218 4888
218 5220
219 2888
219 3090
219 3435
219 3764
219 4280
219 4345
219 4697
219 5132
220 2745
220 3228
220 3487
220 3929
220 4072
220 4395
220 4630
220 5234
221 2803
221 2993
221 3361
221 3892
221 4039
221 4409
221 4643
221 4967
222 2780
222 3028
222 3378
222 3711
222 4029
222 4551
222 4726
222 5014
223 2792
223 3146
223 3616
223 3942
223 4062
223 4454
223 4857
223 5198
224 2893
224 2980
224 3443
224 3805
224 4191
224 4393
224 4741
224 5067
225 2894
225 3064
225 3333
225 3862
225 4093
225 4533
225 4913
225 4970
226 2765
226 3116
226 3312
226 3886
226 3987
226 4553
226 4885
226 5019
227 2730
227 3139
227 3543
227 3662
227 4024
227 4434
227 4812
227 5147
228 2790
228 3135
228 3303
228 3827
228 4257
228 4410
228 4692
228 5237
229 2769
229 3078
229 3554
229 3813
229 3997
229 4470
229 4870
229 5190
230 2944
230 3285
230 3467
230 3752
230 4009
230 4445
230 4647
230 5224
231 2905
231 3054
231 3606
231 3652
231 4092
231 4370
231 4931
231 5027
232 2793
232 3239
232 3360
232 3957
232 4268
232 4355
232 4922
232 5077
233 2924
233 3179
233 3319
233 3940
233 4079
233 4512
233 4837
233 5126
234 2923
234 3043
234 3334
234 3645
234 4144
234 4570
234 4850
234 4976
235 2758
235 3131
235 3492
235 3858
235 4279
235 4513
235 4907
235 5064
236 2687
236 2998
236 3417
236 3767
236 4266
236 4299
236 4886
236 5160
237 2655
237 3089
237 3516
237 3653
237 4194
237 4303
237 4911
237 5168
238 2855
238 3249
238 3474
238 3920
238 4198
238 4426
238 4695
238 4954
239 2699
239 3162
239 3503
239 3908
239 4210
239 4441
239 4677
239 5038
240 2747
240 2978
240 3384
240 3848
240 4127
240 4360
240 4690
240 5129
241 2791
241 3056
241 3594
241 3951
241 4104
241 4293
241 4709
241 5145
242 2843
242 3024
242 3442
242 3895
242 3974
242 4361
242 4838
242 4960
243 2873
243 3121
243 3434
243 3690
243 4113
243 4561
243 4699
243 5055
244 2879
244 3277
244 3310
244 3701
244 4083
244 4539
244 4774
244 5183
245 2702
245 3192
245 3327
245 3901
245 4170
245 4596
245 4762
245 5159
246 2703
246 3003
246 3389
246 3822
246 3964
246 4456
246 4901
246 5156
247 2952
247 3272
247 3379
247 3883
247 4080
247 4476
247 4782
247 5150
248 2773
248 3120
248 3433
248 3854
248 4240
248 4547
248 4842
248 5065
249 2797
249 3279
249 3397
249 3631
249 4172
249 4519
249 4855
249 5049
250 2919
250 3184
250 3548
250 3824
250 4233
250 4300
250 4645
250 5215
251 2850
251 3007
251 3563
251 3634
251 4101
251 4344
251 4861
251 4998
252 2922
252 3158
252 3324
252 3860
252 4095
252 4593
252 4717
252 5268
253 2726
253 3048
253 3465
253 3741
253 3993
253 4511
253 4809
253 5165
254 2927
254 3084
254 3471
254 3683
254 4094
254 4333
254 4792
254 5039
255 2845
255 3226
255 3413
255 3927
255 4239
255 4605
255 4833
255 5098
256 2880
256 3218
256 3387
256 3778
256 4272
256 4457
256 4705
256 5273
257 2713
257 3074
257 3418
257 3809
257 4200
257 4383
257 4675
257 5000
258 2771
258 3039
258 3330
258 3795
258 4181
258 4607
258 4720
258 5195
259 2801
259 3091
259 3362
259 3635
259 4115
259 4309
259 4867
259 5202
260 2858
260 3297
260 3345
260 3834
260 4068
260 4556
260 4635
260 5092
261 2668
261 3103
261 3623
261 3737
261 4063
261 4489
261 4946
261 5238
262 2775
262 3025
262 3409
262 3678
262 3970
262 4401
262 4650
262 5203
263 2939
263 3292
263 3622
263 3959
263 4243
263 4324
263 4856
263 5053
264 2946
264 3276
264 3591
264 3637
264 4262
264 4306
264 4899
264 5108
265 2872
265 3010
265 3436
265 3806
265 4134
265 4372
265 4670
265 5279
266 2785
266 3020
266 3359
266 3663
266 4110
266 4510
266 4623
266 5100
267 2951
267 3151
267 3340
267 3729
267 4125
267 4369
267 4878
267 5141
268 2691
268 3126
268 3316
268 3671
268 4142
268 4427
268 4777
268 5216
269 2841
269 2990
269 3571
269 3900
269 4175
269 4529
269 4742
269 5166
270 2693
270 2985
270 3393
270 3638
270 4205
270 4548
270 4843
270 5048
271 2753
271 3114
271 3439
271 3770
271 4153
271 4565
271 4719
271 5022
272 2861
272 3296
272 3531
272 3668
272 4212
272 4552
272 4848
272 5001
273 2955
273 3050
273 3356
273 3735
273 4022
273 4502
273 4679
273 5269
274 2644
274 3132
274 3311
274 3905
274 4078
274 4474
274 4665
274 5189
275 2947
275 3082
275 3423
275 3749
275 4035
275 4329
275 4637
275 5192
276 2911
276 3104
276 3338
276 3745
276 4226
276 4405
276 4851
276 5270
277 2809
277 3108
277 3514
277 3823
277 4033
277 4335
277 4680
277 5071
278 2870
278 3219
278 3355
278 3694
278 3971
278 4413
278 4808
278 5125
279 2805
279 3077
279 3317
279 3677
279 4269
279 4368
279 4882
279 5042
280 2716
280 3287
280 3309
280 3812
280 4067
280 4532
280 4773
280 4978
281 2884
281 3154
281 3358
281 3655
281 4211
281 4473
281 4849
281 5091
282 2679
282 3148
282 3498
282 3733
282 4071
282 4307
282 4653
282 5181
283 2742
283 3136
283 3602
283 3794
283 4259
283 4465
283 4947
283 5213
284 2643
284 3281
284 3313
284 3740
284 4132
284 4591
284 4862
284 5043
285 2813
285 3042
285 3430
285 3946
285 4167
285 4356
285 4944
285 5143
286 2723
286 2974
286 3399
286 3714
286 4056
286 4422
286 4658
286 4965
287 2733
287 3051
287 3482
287 3855
287 4184
287 4517
287 4889
287 5247
288 2698
288 3220
288 3401
288 3924
288 4248
288 4472
288 4941
288 5184
289 2768
289 3190
289 3497
289 3675
289 4097
289 4514
289 4693
289 5073
290 2822
290 3123
290 3564
290 3826
290 3996
290 4341
290 4804
290 5133
291 2835
291 3267
291 3447
291 3721
291 4023
291 4566
291 4819
291 5021
292 2818
292 2984
292 3614
292 3793
292 4174
292 4297
292 4814
292 4987
293 2700
293 3284
293 3553
293 3871
293 4018
293 4404
293 4740
293 5196
294 2906
294 3238
294 3629
294 3845
294 4179
294 4486
294 4781
294 5157
295 2770
295 3235
295 3530
295 3866
295 4141
295 4437
295 4702
295 5017
296 2737
296 3041
296 3369
296 3647
296 4168
296 4373
296 4723
296 5080
297 2761
297 3071
297 3472
297 3849
297 4218
297 4296
297 4926
297 5032
298 2695
298 3210
298 3438
298 3704
298 4232
298 4585
298 4864
298 5230
299 2828
299 3183
299 3395
299 3754
299 4122
299 4351
299 4912
299 5034
300 2962
300 3204
300 3380
300 3952
300 4046
300 4444
300 4666
300 4951
301 2729
301 3258
301 3538
301 3918
301 3962
301 4291
301 4910
301 5205
302 2821
302 3059
302 3574
302 3639
302 4050
302 4315
302 4887
302 5120
303 2839
303 3225
303 3547
303 3642
303 4006
303 4483
303 4868
303 5004
304 2930
304 3093
304 3342
304 3943
304 3986
304 4380
304 4668
304 5167
305 2756
305 3086
305 3612
305 3810
305 4215
305 4357
305 4780
305 5095
306 2777
306 3081
306 3478
306 3867
306 4019
306 4342
306 4920
306 5066
307 2738
307 3290
307 3599
307 3648
307 4158
307 4302
307 4735
307 5103
308 2917
308 3203
308 3450
308 3875
308 4118
308 4416
308 4683
308 5084
309 2865
309 3244
309 3541
309 3792
309 4120
309 4595
309 4655
309 5200
310 2819
310 3052
310 3371
310 3804
310 4099
310 4305
310 4826
310 5123
311 2678
311 3066
311 3331
311 3888
311 4131
311 4497
311 4853
311 5254
312 2968
312 3117
312 3544
312 3710
312 4196
312 4326
312 4827
312 5199
313 2961
313 3027
313 3597
313 3930
313 4055
313 4402
313 4633
313 5007
314 2811
314 3085
314 3512
314 3717
314 4271
314 4479
314 4852
314 5035
315 2688
315 3000
315 3491
315 3830
315 4002
315 4421
315 4755
315 5223
316 2667
316 3157
316 3469
316 3907
316 4140
316 4521
316 4813
316 4975
317 2898
317 3195
317 3528
317 3958
317 4041
317 4379
317 4703
317 5197
318 2731
318 3164
318 3400
318 3762
318 3963
318 4353
318 4698
318 4988
319 2646
319 3073
319 3507
319 3841
319 4088
319 4354
319 4752
319 5112
320 2787
320 3060
320 3392
320 3771
320 4040
320 4295
320 4768
320 5006
321 2829
321 3111
321 3348
321 3821
321 4245
321 4325
321 4701
321 5090
322 2908
322 3101
322 3493
322 3708
322 4241
322 4463
322 4663
322 5277
323 2778
323 3298
323 3431
323 3879
323 4111
323 4559
323 4715
323 5062
324 2864
324 3072
324 3609
324 3884
324 4220
324 4590
324 4789
324 5260
325 2844
325 3209
325 3365
325 3876
325 4148
325 4522
325 4778
325 4991
326 2680
326 3257
326 3448
326 3654
326 4290
326 4618
326 4825
326 5046
327 2736
327 3022
327 3521
327 3893
327 3992
327 4382
327 4874
327 4973
328 2943
328 3237
328 3628
328 3702
328 4000
328 4564
328 4754
328 5054
329 2914
329 3163
329 3459
329 3850
329 4250
329 4343
329 4795
329 5052
330 2836
330 3248
330 3566
330 3808
330 4146
330 4316
330 4846
330 5226
