0 2 
336 720 
15 7 
1 66
1 636
1 764
1 1147
1 1453
1 1818
1 2101
1 2658
1 2867
1 3172
1 3585
1 3793
1 4181
1 4671
1 4961
2 132
2 554
2 917
2 1029
2 1424
2 1915
2 2090
2 2612
2 2957
2 3061
2 3511
2 3758
2 4266
2 4661
2 5019
3 122
3 669
3 853
3 1239
3 1619
3 1757
3 2082
3 2453
3 2834
3 3092
3 3517
3 3876
3 4293
3 4685
3 4795
4 301
4 427
4 688
4 1251
4 1679
4 1708
4 2170
4 2672
4 2712
4 3259
4 3665
4 3982
4 4333
4 4499
4 4879
5 303
5 466
5 738
5 1321
5 1552
5 1686
5 2238
5 2593
5 2782
5 3157
5 3589
5 3978
5 4093
5 4549
5 4799
6 142
6 455
6 919
6 1109
6 1554
6 1734
6 2068
6 2454
6 2962
6 3078
6 3681
6 3998
6 4108
6 4654
6 4965
7 304
7 383
7 814
7 1139
7 1413
7 1981
7 2269
7 2584
7 2839
7 3209
7 3463
7 3831
7 4244
7 4521
7 4917
8 190
8 480
8 943
8 1196
8 1520
8 1798
8 2089
8 2472
8 2744
8 3042
8 3497
8 3732
8 4256
8 4436
8 4770
9 139
9 575
9 871
9 1043
9 1404
9 1974
9 2281
9 2392
9 2714
9 3147
9 3408
9 4021
9 4078
9 4701
9 4816
10 185
10 475
10 900
10 1211
10 1391
10 1695
10 2119
10 2365
10 2987
10 3187
10 3370
10 3995
10 4246
10 4633
10 4989
11 160
11 612
11 720
11 1335
11 1470
11 1837
11 2111
11 2457
11 2970
11 3250
11 3494
11 3873
11 4203
11 4411
11 4883
12 70
12 552
12 898
12 1069
12 1531
12 1794
12 2034
12 2496
12 2985
12 3118
12 3436
12 3861
12 4309
12 4412
12 4900
13 207
13 545
13 812
13 1238
13 1467
13 1878
13 2193
13 2633
13 3021
13 3285
13 3460
13 3719
13 4212
13 4390
13 5003
14 326
14 479
14 696
14 1067
14 1667
14 1684
14 2205
14 2562
14 2727
14 3040
14 3528
14 3731
14 4195
14 4572
14 4787
15 235
15 549
15 840
15 1252
15 1599
15 1776
15 2127
15 2460
15 2738
15 3199
15 3672
15 3857
15 4321
15 4615
15 4715
16 192
16 459
16 824
16 1131
16 1488
16 1737
16 2199
16 2656
16 2980
16 3303
16 3666
16 3862
16 4154
16 4386
16 4738
17 107
17 360
17 677
17 1231
17 1657
17 1931
17 2023
17 2528
17 2940
17 3266
17 3461
17 3952
17 4257
17 4454
17 4731
18 199
18 590
18 724
18 1152
18 1671
18 1819
18 2274
18 2631
18 2933
18 3239
18 3639
18 3875
18 4332
18 4586
18 4903
19 143
19 470
19 930
19 1085
19 1375
19 1766
19 2251
19 2481
19 2902
19 3126
19 3521
19 3941
19 4061
19 4658
19 4849
20 53
20 420
20 702
20 1087
20 1346
20 1983
20 2157
20 2354
20 2844
20 3279
20 3480
20 3869
20 4316
20 4485
20 4895
21 153
21 362
21 805
21 1135
21 1360
21 1884
21 2227
21 2565
21 2748
21 3292
21 3560
21 3717
21 4338
21 4696
21 4751
22 329
22 576
22 844
22 1125
22 1562
22 1743
22 2126
22 2412
22 2745
22 3177
22 3448
22 3871
22 4295
22 4420
22 4962
23 174
23 661
23 991
23 1024
23 1432
23 1879
23 2333
23 2550
23 2856
23 3253
23 3403
23 3894
23 4065
23 4596
23 4880
24 244
24 657
24 734
24 1209
24 1436
24 1883
24 2229
24 2664
24 2931
24 3144
24 3669
24 3802
24 4368
24 4471
24 4840
25 10
25 446
25 953
25 1269
25 1677
25 1856
25 2343
25 2644
25 2705
25 3313
25 3633
25 3730
25 4353
25 4404
25 4830
26 302
26 464
26 992
26 1021
26 1628
26 1740
26 2259
26 2406
26 2723
26 3117
26 3564
26 4032
26 4104
26 4469
26 4841
27 226
27 346
27 838
27 1054
27 1366
27 1791
27 2236
27 2523
27 2781
27 3335
27 3424
27 3763
27 4296
27 4379
27 4817
28 245
28 419
28 787
28 1266
28 1371
28 1961
28 2091
28 2646
28 2760
28 3152
28 3679
28 3759
28 4136
28 4527
28 4788
29 115
29 504
29 884
29 1323
29 1408
29 1940
29 2093
29 2414
29 2884
29 3108
29 3366
29 3816
29 4074
29 4440
29 4737
30 308
30 351
30 845
30 1185
30 1521
30 1893
30 2188
30 2647
30 2746
30 3136
30 3426
30 3838
30 4259
30 4653
30 4804
31 23
31 395
31 673
31 1173
31 1616
31 1817
31 2027
31 2387
31 2959
31 3248
31 3390
31 3777
31 4059
31 4565
31 4877
32 313
32 448
32 712
32 1340
32 1541
32 2016
32 2330
32 2425
32 2726
32 3262
32 3507
32 3790
32 4176
32 4663
32 4718
33 13
33 375
33 786
33 1212
33 1604
33 1742
33 2270
33 2475
33 2961
33 3087
33 3522
33 3893
33 4276
33 4593
33 4722
34 85
34 451
34 1001
34 1168
34 1632
34 1877
34 2323
34 2490
34 2715
34 3222
34 3409
34 3724
34 4281
34 4562
34 4767
35 248
35 653
35 984
35 1240
35 1527
35 1746
35 2072
35 2394
35 2972
35 3196
35 3573
35 3762
35 4357
35 4407
35 4947
36 44
36 449
36 857
36 1291
36 1653
36 1927
36 2288
36 2471
36 3004
36 3176
36 3654
36 3900
36 4312
36 4460
36 4864
37 288
37 450
37 821
37 1157
37 1658
37 1833
37 2107
37 2537
37 2974
37 3195
37 3433
37 3921
37 4094
37 4622
37 4708
38 184
38 482
38 791
38 1341
38 1429
38 2007
38 2219
38 2493
38 2952
38 3060
38 3398
38 3714
38 4305
38 4419
38 4758
39 309
39 638
39 770
39 1091
39 1665
39 1994
39 2163
39 2407
39 2695
39 3036
39 3444
39 3994
39 4090
39 4495
39 4836
40 221
40 437
40 697
40 1159
40 1451
40 1736
40 2301
40 2491
40 2719
40 3273
40 3435
40 3855
40 4272
40 4529
40 4960
41 20
41 453
41 699
41 1217
41 1383
41 1914
41 2100
41 2659
41 3017
41 3308
41 3586
41 3832
41 4178
41 4494
41 4971
42 222
42 497
42 859
42 1033
42 1567
42 1720
42 2307
42 2649
42 2920
42 3072
42 3505
42 3868
42 4190
42 4389
42 4956
43 74
43 404
43 1003
43 1138
43 1579
43 1965
43 2203
43 2591
43 2995
43 3283
43 3562
43 3904
43 4135
43 4585
43 4844
44 131
44 359
44 795
44 1018
44 1551
44 1844
44 2241
44 2605
44 2925
44 3225
44 3618
44 3708
44 4322
44 4597
44 4867
45 259
45 502
45 941
45 1228
45 1515
45 1848
45 2028
45 2624
45 2792
45 3334
45 3452
45 3991
45 4255
45 4475
45 4764
46 75
46 618
46 754
46 1191
46 1465
46 1761
46 2094
46 2681
46 2737
46 3103
46 3565
46 3841
46 4106
46 4497
46 4990
47 54
47 492
47 830
47 1155
47 1659
47 1784
47 2092
47 2417
47 3013
47 3026
47 3371
47 3885
47 4237
47 4480
47 4949
48 34
48 347
48 797
48 1078
48 1442
48 1748
48 2115
48 2489
48 2788
48 3294
48 3648
48 3840
48 4304
48 4611
48 4741
49 113
49 606
49 788
49 1277
49 1601
49 1976
49 2329
49 2525
49 2946
49 3230
49 3667
49 3737
49 4211
49 4374
49 4752
50 240
50 544
50 856
50 1264
50 1536
50 1696
50 2165
50 2582
50 2706
50 3156
50 3593
50 3939
50 4284
50 4680
50 4858
51 145
51 454
51 995
51 1061
51 1421
51 1866
51 2150
51 2484
51 2849
51 3079
51 3644
51 3907
51 4081
51 4413
51 4729
52 170
52 601
52 725
52 1050
52 1596
52 1782
52 2059
52 2595
52 2809
52 3155
52 3637
52 3955
52 4318
52 4692
52 4882
53 218
53 521
53 752
53 1055
53 1434
53 1751
53 2022
53 2449
53 2728
53 3053
53 3604
53 3715
53 4165
53 4639
53 5028
54 256
54 640
54 1008
54 1210
54 1638
54 1985
54 2040
54 2532
54 2955
54 3175
54 3361
54 3823
54 4159
54 4474
54 4912
55 267
55 414
55 961
55 1248
55 1444
55 1875
55 2042
55 2379
55 2735
55 3163
55 3563
55 3713
55 4355
55 4371
55 4987
56 247
56 424
56 976
56 1096
56 1382
56 1894
56 2061
56 2438
56 2894
56 3307
56 3510
56 3922
56 4055
56 4557
56 4869
57 220
57 462
57 987
57 1123
57 1405
57 1865
57 2195
57 2377
57 2896
57 3076
57 3629
57 3722
57 4344
57 4686
57 4810
58 25
58 620
58 928
58 1156
58 1461
58 1972
58 2021
58 2376
58 2787
58 3290
58 3689
58 3858
58 4282
58 4486
58 5016
59 31
59 443
59 962
59 1270
59 1472
59 1988
59 2262
59 2439
59 2694
59 3224
59 3611
59 3818
59 4278
59 4594
59 4972
60 258
60 577
60 757
60 1042
60 1660
60 1977
60 2278
60 2638
60 2956
60 3352
60 3516
60 3718
60 4116
60 4619
60 4825
61 198
61 651
61 799
61 1339
61 1587
61 1868
61 2210
61 2626
61 2921
61 3270
61 3657
61 3848
61 4125
61 4691
61 4811
62 206
62 441
62 946
62 1279
62 1585
62 1749
62 2344
62 2637
62 2778
62 3301
62 3524
62 3754
62 4233
62 4612
62 4953
63 120
63 447
63 731
63 1114
63 1409
63 2008
63 2062
63 2470
63 2754
63 3049
63 3632
63 3964
63 4264
63 4447
63 4805
64 275
64 505
64 899
64 1184
64 1534
64 1916
64 2048
64 2609
64 2861
64 3173
64 3514
64 3981
64 4294
64 4569
64 4963
65 33
65 372
65 801
65 1102
65 1417
65 1707
65 2153
65 2411
65 2821
65 3062
65 3590
65 3849
65 4206
65 4504
65 4777
66 261
66 659
66 897
66 1187
66 1468
66 1800
66 2275
66 2650
66 2892
66 3120
66 3531
66 3756
66 4034
66 4503
66 4920
67 4
67 434
67 802
67 1182
67 1448
67 1710
67 2086
67 2621
67 2965
67 3093
67 3422
67 3726
67 4085
67 4637
67 4747
68 92
68 357
68 896
68 1066
68 1597
68 1907
68 2287
68 2389
68 2789
68 3276
68 3577
68 3963
68 4325
68 4468
68 4959
69 18
69 644
69 717
69 1070
69 1646
69 1934
69 2206
69 2567
69 2858
69 3110
69 3630
69 3976
69 4158
69 4509
69 4890
70 71
70 518
70 1006
70 1274
70 1487
70 1719
70 2335
70 2432
70 2721
70 3188
70 3414
70 3787
70 4160
70 4417
70 4837
71 175
71 392
71 823
71 1108
71 1670
71 1950
71 2138
71 2614
71 2871
71 3081
71 3377
71 3805
71 4291
71 4458
71 5024
72 48
72 461
72 772
72 1303
72 1498
72 1982
72 2276
72 2367
72 3023
72 3265
72 3378
72 3965
72 4075
72 4703
72 4881
73 14
73 382
73 691
73 1062
73 1608
73 1809
73 2264
73 2671
73 2757
73 3274
73 3614
73 4026
73 4258
73 4416
73 4913
74 172
74 428
74 767
74 1256
74 1530
74 1836
74 2172
74 2415
74 2796
74 3137
74 3561
74 3729
74 4164
74 4574
74 4889
75 146
75 566
75 841
75 1222
75 1626
75 1806
75 2202
75 2430
75 2906
75 3240
75 3470
75 3800
75 4307
75 4388
75 4839
76 3
76 500
76 790
76 1178
76 1484
76 1768
76 2305
76 2611
76 2864
76 3229
76 3487
76 4001
76 4167
76 4409
76 4712
77 279
77 623
77 759
77 1199
77 1598
77 1897
77 2245
77 2652
77 2875
77 3210
77 3583
77 3872
77 4367
77 4579
77 4923
78 168
78 507
78 700
78 1243
78 1645
78 1881
78 2052
78 2601
78 2978
78 3098
78 3621
78 3923
78 4348
78 4675
78 4927
79 330
79 513
79 936
79 1166
79 1647
79 1823
79 2147
79 2416
79 2835
79 3208
79 3449
79 3946
79 4037
79 4382
79 4861
80 285
80 592
80 811
80 1151
80 1364
80 1899
80 2266
80 2688
80 2798
80 3168
80 3429
80 3712
80 4138
80 4590
80 4794
81 223
81 579
81 730
81 1030
81 1388
81 1958
81 2256
81 2356
81 2836
81 3135
81 3545
81 3845
81 4226
81 4512
81 4797
82 6
82 476
82 986
82 1082
82 1418
82 1902
82 2233
82 2396
82 2725
82 3101
82 3391
82 3863
82 4342
82 4647
82 4998
83 230
83 534
83 935
83 1051
83 1644
83 1697
83 2217
83 2514
83 2967
83 3242
83 3466
83 3993
83 4123
83 4648
83 4706
84 314
84 379
84 902
84 1074
84 1420
84 1717
84 2252
84 2640
84 2831
84 3206
84 3493
84 3906
84 4169
84 4510
84 4793
85 134
85 553
85 740
85 1115
85 1359
85 1730
85 2105
85 2547
85 2847
85 3138
85 3525
85 3826
85 4180
85 4385
85 4832
86 182
86 615
86 842
86 1280
86 1503
86 1904
86 2312
86 2571
86 2812
86 3034
86 3566
86 3842
86 4231
86 4606
86 4940
87 321
87 646
87 914
87 1285
87 1463
87 1951
87 2151
87 2657
87 2857
87 3333
87 3664
87 3814
87 4122
87 4491
87 4904
88 238
88 386
88 997
88 1331
88 1495
88 1905
88 2071
88 2675
88 2942
88 3190
88 3595
88 3711
88 4187
88 4435
88 4866
89 126
89 438
89 835
89 1229
89 1675
89 1783
89 2254
89 2534
89 2887
89 3356
89 3518
89 3735
89 4337
89 4452
89 4717
90 125
90 585
90 955
90 1311
90 1611
90 1944
90 2057
90 2600
90 3010
90 3032
90 3623
90 3997
90 4152
90 4502
90 4993
91 181
91 370
91 983
91 1083
91 1593
91 1949
91 2079
91 2391
91 3007
91 3295
91 3417
91 3918
91 4298
91 4629
91 4978
92 246
92 652
92 975
92 1130
92 1652
92 1777
92 2037
92 2613
92 2870
92 3124
92 3492
92 3966
92 4089
92 4644
92 4713
93 129
93 580
93 683
93 1287
93 1457
93 1792
93 2294
93 2536
93 2813
93 3252
93 3596
93 4019
93 4092
93 4438
93 4822
94 318
94 600
94 965
94 1292
94 1460
94 1693
94 2224
94 2635
94 2852
94 3181
94 3678
94 3698
94 4153
94 4415
94 4845
95 121
95 548
95 834
95 1075
95 1393
95 1874
95 2226
95 2687
95 2730
95 3148
95 3690
95 3812
95 4238
95 4697
95 4782
96 232
96 389
96 707
96 1170
96 1668
96 1778
96 2325
96 2421
96 2951
96 3105
96 3393
96 3789
96 4156
96 4694
96 4955
97 79
97 634
97 848
97 1160
97 1609
97 1873
97 2308
97 2576
97 2717
97 3134
97 3688
97 3942
97 4112
97 4651
97 4802
98 83
98 460
98 820
98 1162
98 1492
98 1938
98 2350
98 2420
98 2996
98 3133
98 3407
98 3821
98 4346
98 4430
98 4886
99 67
99 582
99 888
99 1126
99 1478
99 1788
99 2125
99 2447
99 2954
99 3278
99 3450
99 3704
99 4042
99 4677
99 5034
100 289
100 536
100 932
100 1189
100 1354
100 1731
100 2140
100 2619
100 2842
100 3151
100 3571
100 3703
100 4143
100 4649
100 4970
101 263
101 368
101 684
101 1180
101 1473
101 1754
101 2158
101 2485
101 2703
101 3319
101 3682
101 3701
101 4275
101 4607
101 5010
102 265
102 611
102 726
102 1104
102 1423
102 1841
102 2076
102 2434
102 2893
102 3121
102 3465
102 4002
102 4044
102 4672
102 4743
103 212
103 637
103 957
103 1174
103 1380
103 1830
103 2128
103 2469
103 2819
103 3165
103 3441
103 3960
103 4300
103 4589
103 5038
104 210
104 423
104 816
104 1053
104 1378
104 1799
104 2113
104 2400
104 2830
104 3088
104 3484
104 3706
104 4356
104 4693
104 4876
105 138
105 570
105 680
105 1194
105 1440
105 1992
105 2191
105 2588
105 2950
105 3234
105 3389
105 3975
105 4140
105 4459
105 4885
106 114
106 341
106 952
106 1120
106 1446
106 1989
106 2198
106 2630
106 2804
106 3070
106 3490
106 3788
106 4285
106 4427
106 4919
107 166
107 610
107 807
107 1281
107 1533
107 1996
107 2285
107 2364
107 3015
107 3254
107 3696
107 3950
107 4198
107 4433
107 5007
108 281
108 619
108 789
108 1122
108 1395
108 1773
108 2173
108 2409
108 2769
108 3128
108 3434
108 3779
108 4040
108 4627
108 5014
109 237
109 380
109 927
109 1060
109 1511
109 2012
109 2051
109 2604
109 2929
109 3223
109 3693
109 3874
109 4359
109 4545
109 4915
110 97
110 578
110 907
110 1158
110 1481
110 1943
110 2289
110 2486
110 2806
110 3320
110 3534
110 3817
110 4250
110 4383
110 4806
111 219
111 458
111 860
111 1306
111 1365
111 1980
111 2148
111 2373
111 2780
111 3150
111 3445
111 3727
111 4311
111 4450
111 4791
112 290
112 391
112 810
112 1084
112 1514
112 1764
112 2176
112 2502
112 2885
112 3111
112 3580
112 3747
112 4038
112 4616
112 4948
113 141
113 444
113 847
113 1226
113 1594
113 1970
113 2311
113 2542
113 2917
113 3123
113 3608
113 3866
113 4139
113 4375
113 4792
114 90
114 338
114 698
114 1268
114 1666
114 1815
114 2133
114 2461
114 2901
114 3226
114 3625
114 4012
114 4343
114 4657
114 4922
115 262
115 495
115 826
115 1012
115 1561
115 1838
115 2099
115 2679
115 2992
115 3282
115 3687
115 3914
115 4184
115 4698
115 5000
116 140
116 519
116 831
116 1026
116 1526
116 1767
116 2108
116 2538
116 2762
116 3251
116 3455
116 3748
116 4060
116 4401
116 4756
117 177
117 413
117 716
117 1013
117 1568
117 1984
117 2230
117 2620
117 2910
117 3094
117 3538
117 3792
117 4239
117 4490
117 4932
118 324
118 400
118 762
118 1146
118 1367
118 1853
118 2142
118 2510
118 2998
118 3184
118 3597
118 3920
118 4315
118 4522
118 4945
119 293
119 354
119 895
119 1213
119 1386
119 2000
119 2242
119 2551
119 2828
119 3167
119 3468
119 3781
119 4218
119 4621
119 4905
120 254
120 587
120 701
120 1283
120 1545
120 1808
120 2088
120 2668
120 2912
120 3331
120 3386
120 3744
120 4249
120 4538
120 4878
121 81
121 555
121 710
121 1320
121 1553
121 1849
121 2073
121 2662
121 2843
121 3353
121 3677
121 4025
121 4209
121 4478
121 4887
122 180
122 436
122 938
122 1318
122 1648
122 1834
122 2299
122 2522
122 2993
122 3083
122 3373
122 3984
122 4115
122 4476
122 4710
123 163
123 668
123 828
123 1046
123 1437
123 1924
123 2257
123 2618
123 2697
123 3051
123 3646
123 3949
123 4299
123 4601
123 4705
124 186
124 435
124 751
124 1027
124 1356
124 1816
124 2044
124 2441
124 2739
124 3179
124 3423
124 3798
124 4274
124 4570
124 5027
125 225
125 656
125 901
125 1233
125 1452
125 1997
125 2141
125 2602
125 2793
125 3038
125 3392
125 3938
125 4127
125 4431
125 4772
126 171
126 632
126 972
126 1106
126 1510
126 1864
126 2247
126 2553
126 2960
126 3309
126 3428
126 4031
126 4194
126 4673
126 5025
127 178
127 442
127 994
127 1056
127 1565
127 1796
127 2346
127 2549
127 2983
127 3264
127 3627
127 3886
127 4341
127 4528
127 4925
128 307
128 385
128 763
128 1176
128 1466
128 1752
128 2160
128 2393
128 3005
128 3267
128 3421
128 4018
128 4335
128 4553
128 4860
129 52
129 560
129 768
129 1324
129 1362
129 1939
129 2339
129 2594
129 2732
129 3228
129 3388
129 3824
129 4243
129 4540
129 4952
130 149
130 551
130 798
130 1099
130 1394
130 1859
130 2296
130 2361
130 2982
130 3028
130 3440
130 3822
130 4097
130 4428
130 5022
131 151
131 532
131 978
131 1278
131 1449
131 1900
131 2039
131 2431
131 2833
131 3115
131 3400
131 3749
131 4155
131 4534
131 4721
132 117
132 605
132 832
132 1315
132 1542
132 1908
132 2244
132 2648
132 2926
132 3194
132 3427
132 3980
132 4219
132 4488
132 5002
133 243
133 506
133 889
133 1314
133 1621
133 2010
133 2348
133 2603
133 2941
133 3233
133 3530
133 4007
133 4072
133 4501
133 4884
134 1
134 596
134 783
134 1089
134 1398
134 1723
134 2304
134 2564
134 2868
134 3271
134 3384
134 3829
134 4144
134 4483
134 4997
135 335
135 374
135 775
135 1036
135 1458
135 1745
135 2340
135 2642
135 2948
135 3107
135 3686
135 3895
135 4079
135 4448
135 4749
136 51
136 349
136 746
136 1261
136 1613
136 1991
136 2080
136 2592
136 2971
136 3097
136 3587
136 3882
136 4131
136 4391
136 4862
137 179
137 531
137 977
137 1286
137 1406
137 1802
137 2045
137 2501
137 2779
137 3261
137 3554
137 3739
137 4330
137 4467
137 4828
138 152
138 550
138 869
138 1145
138 1566
138 1741
138 2056
138 2483
138 2711
138 3245
138 3556
138 3909
138 4036
138 4564
138 4786
139 98
139 559
139 892
139 1072
139 1410
139 1811
139 2228
139 2566
139 2904
139 3091
139 3459
139 3854
139 4283
139 4554
139 4809
140 331
140 664
140 819
140 1010
140 1443
140 1747
140 2060
140 2366
140 2699
140 3299
140 3619
140 4000
140 4121
140 4544
140 5018
141 69
141 639
141 993
141 1205
141 1517
141 1692
141 2248
141 2572
141 2753
141 3350
141 3628
141 3774
141 4265
141 4380
141 4833
142 73
142 432
142 753
142 1153
142 1532
142 1851
142 2326
142 2358
142 2707
142 3214
142 3446
142 3806
142 4279
142 4550
142 4790
143 234
143 456
143 1007
143 1045
143 1500
143 1758
143 2064
143 2627
143 2776
143 3318
143 3464
143 3757
143 4364
143 4384
143 4748
144 273
144 339
144 756
144 1023
144 1640
144 1681
144 2352
144 2413
144 2889
144 3201
144 3381
144 3846
144 4170
144 4408
144 4859
145 76
145 342
145 925
145 1195
145 1602
145 1831
145 2321
145 2355
145 2855
145 3031
145 3588
145 3992
145 4043
145 4535
145 4933
146 58
146 573
146 980
146 1267
146 1399
146 1888
146 2026
146 2673
146 2840
146 3203
146 3685
146 3721
146 4052
146 4400
146 4851
147 56
147 415
147 721
147 1245
147 1435
147 1711
147 2130
147 2519
147 2689
147 3050
147 3405
147 3928
147 4146
147 4700
147 5001
148 295
148 621
148 858
148 1088
148 1523
148 1903
148 2313
148 2500
148 2964
148 3025
148 3547
148 3953
148 4235
148 4645
148 4899
149 27
149 384
149 909
149 1009
149 1348
149 1722
149 2019
149 2427
149 2997
149 3114
149 3640
149 3917
149 4063
149 4518
149 4789
150 269
150 401
150 792
150 1119
150 1414
150 1962
150 2183
150 2578
150 2824
150 3297
150 3662
150 3807
150 4317
150 4580
150 4821
151 63
151 583
151 918
151 1294
151 1588
151 1857
151 2168
151 2677
151 2944
151 3272
151 3609
151 3776
151 4324
151 4423
151 4842
152 162
152 403
152 904
152 1247
152 1547
152 1842
152 2134
152 2625
152 2701
152 3067
152 3532
152 3853
152 4221
152 4526
152 4957
153 29
153 541
153 829
153 1141
153 1370
153 1772
153 2179
153 2419
153 2988
153 3324
153 3535
153 4028
153 4336
153 4623
153 4929
154 82
154 569
154 779
154 1164
154 1376
154 1828
154 2144
154 2463
154 2943
154 3129
154 3567
154 3859
154 4210
154 4664
154 4755
155 287
155 422
155 916
155 1079
155 1471
155 1945
155 2293
155 2466
155 2805
155 3287
155 3412
155 3925
155 4047
155 4394
155 4820
156 224
156 378
156 782
156 1134
156 1377
156 1694
156 2135
156 2555
156 2784
156 3306
156 3406
156 3983
156 4191
156 4552
156 4827
157 241
157 397
157 761
157 1124
157 1564
157 1919
157 2282
157 2482
157 2860
157 3227
157 3684
157 3986
157 4177
157 4372
157 4746
158 252
158 547
158 903
158 1112
158 1347
158 1845
158 2213
158 2372
158 2935
158 3277
158 3496
158 3843
158 4327
158 4442
158 4759
159 43
159 642
159 923
159 1048
159 1501
159 1923
159 2207
159 2487
159 2808
159 3027
159 3641
159 3916
159 4297
159 4641
159 4850
160 193
160 425
160 703
160 1016
160 1513
160 1867
160 2306
160 2395
160 3020
160 3344
160 3439
160 3755
160 4345
160 4679
160 4856
161 227
161 598
161 912
161 1132
161 1600
161 1713
161 2220
161 2378
161 2777
161 3351
161 3380
161 3810
161 4141
161 4392
161 4966
162 167
162 478
162 882
162 1019
162 1396
162 1892
162 2208
162 2508
162 2881
162 3186
162 3570
162 4003
162 4287
162 4592
162 4936
163 306
163 542
163 804
163 1201
163 1430
163 2001
163 2250
163 2563
163 2800
163 3347
163 3655
163 3919
163 4273
163 4465
163 4982
164 72
164 426
164 958
164 1319
164 1372
164 1756
164 2243
164 2440
164 2770
164 3284
164 3469
164 3819
164 4326
164 4425
164 4874
165 280
165 369
165 846
165 1265
165 1352
165 1705
165 2209
165 2467
165 2898
165 3325
165 3651
165 4014
165 4128
165 4377
165 4950
166 32
166 670
166 981
166 1063
166 1590
166 2011
166 2137
166 2494
166 2700
166 3159
166 3695
166 3709
166 4261
166 4437
166 4742
167 108
167 591
167 817
167 1093
167 1373
167 1691
167 2097
167 2581
167 2773
167 3293
167 3515
167 4020
167 4320
167 4688
167 4926
168 78
168 660
168 855
168 1289
168 1416
168 1891
168 2212
168 2622
168 2975
168 3158
168 3477
168 3778
168 4270
168 4605
168 4826
169 328
169 571
169 959
169 1098
169 1669
169 1762
169 2261
169 2443
169 2866
169 3162
169 3372
169 3970
169 4301
169 4541
169 4733
170 228
170 609
170 974
170 1052
170 1672
170 1872
170 2083
170 2667
170 2990
170 3066
170 3598
170 3716
170 4351
170 4397
170 4757
171 253
171 520
171 837
171 1117
171 1538
171 1703
171 2139
171 2636
171 2698
171 3355
171 3592
171 3773
171 4058
171 4624
171 4893
172 128
172 361
172 749
172 1257
172 1582
172 1735
172 2024
172 2580
172 2825
172 3065
172 3601
172 3867
172 4067
172 4472
172 4707
173 276
173 343
173 968
173 1246
173 1654
173 1744
173 2033
173 2540
173 2994
173 3275
173 3458
173 4030
173 4147
173 4699
173 4774
174 84
174 490
174 954
174 1219
174 1655
174 1682
174 2345
174 2596
174 2966
174 3174
174 3533
174 3710
174 4217
174 4642
174 5015
175 277
175 626
175 774
175 1073
175 1676
175 1966
175 2043
175 2561
175 2763
175 3068
175 3591
175 3851
175 4189
175 4455
175 4995
176 68
176 498
176 945
176 1175
176 1402
176 1858
176 2030
176 2544
176 2886
176 3243
176 3668
176 3741
176 4188
176 4548
176 5040
177 283
177 365
177 920
177 1179
177 1426
177 1832
177 2279
177 2515
177 2846
177 3304
177 3578
177 3764
177 4137
177 4599
177 4778
178 2
178 468
178 937
178 1308
178 1581
178 1993
178 2324
178 2474
178 2876
178 3221
178 3482
178 3839
178 4308
178 4617
178 4720
179 9
179 522
179 875
179 1250
179 1390
179 1854
179 2065
179 2397
179 2690
179 3212
179 3581
179 4004
179 4280
179 4482
179 4897
180 189
180 603
180 748
180 1037
180 1589
180 1763
180 2316
180 2455
180 2693
180 3132
180 3536
180 3943
180 4193
180 4515
180 4771
181 215
181 597
181 894
181 1235
181 1662
181 1779
181 2342
181 2499
181 3018
181 3045
181 3387
181 3705
181 4035
181 4516
181 4800
182 95
182 514
182 714
182 1258
182 1563
182 1901
182 2118
182 2382
182 2838
182 3197
182 3506
182 4011
182 4349
182 4523
182 4813
183 136
183 546
183 872
183 1317
183 1558
183 1820
183 2053
183 2623
183 2853
183 3041
183 3539
183 3931
183 4129
183 4581
183 4872
184 64
184 512
184 800
184 1110
184 1401
184 1847
184 2110
184 2579
184 2976
184 3300
184 3553
184 3746
184 4117
184 4451
184 4739
185 176
185 477
185 708
185 1282
185 1546
185 1780
185 2341
185 2360
185 3000
185 3029
185 3364
185 3926
185 4286
185 4643
185 4815
186 158
186 494
186 870
186 1241
186 1349
186 1781
186 2123
186 2678
186 2775
186 3160
186 3676
186 3951
186 4201
186 4662
186 4931
187 127
187 655
187 784
187 1047
187 1384
187 1755
187 2237
187 2577
187 2759
187 3086
187 3375
187 3979
187 4328
187 4506
187 4819
188 105
188 377
188 890
188 1344
188 1392
188 1827
188 2155
188 2546
188 3012
188 3080
188 3503
188 3880
188 4205
188 4498
188 5033
189 297
189 584
189 879
189 1221
189 1518
189 1789
189 2291
189 2573
189 2708
189 3106
189 3415
189 3752
189 4109
189 4446
189 4735
190 323
190 408
190 737
190 1090
190 1353
190 1885
190 2020
190 2654
190 2895
190 3349
190 3642
190 3884
190 4323
190 4481
190 5026
191 242
191 643
191 715
191 1223
191 1637
191 1979
191 2231
191 2516
191 2752
191 3113
191 3612
191 3870
191 4056
191 4567
191 5008
192 37
192 568
192 861
192 1025
192 1664
192 1955
192 2337
192 2418
192 2750
192 3054
192 3379
192 3940
192 4049
192 4676
192 4999
193 194
193 622
193 933
193 1057
193 1572
193 1835
193 2334
193 2548
193 2882
193 3191
193 3543
193 4023
193 4033
193 4426
193 4873
194 205
194 406
194 866
194 1049
194 1363
194 1702
194 2075
194 2539
194 2767
194 3291
194 3476
194 3901
194 4046
194 4525
194 4734
195 89
195 344
195 839
195 1207
195 1422
195 1882
195 2310
195 2512
195 2741
195 3322
195 3615
195 3905
195 4277
195 4595
195 4935
196 91
196 407
196 785
196 1192
196 1485
196 1821
196 2116
196 2558
196 3003
196 3048
196 3457
196 3750
196 4271
196 4666
196 4838
197 22
197 672
197 973
197 1305
197 1576
197 1709
197 2292
197 2468
197 2930
197 3216
197 3558
197 3738
197 4350
197 4369
197 4964
198 46
198 628
198 1005
198 1040
198 1369
198 1852
198 2211
198 2492
198 2923
198 3180
198 3602
198 3827
198 4358
198 4511
198 4991
199 135
199 649
199 886
199 1039
199 1415
199 1813
199 2267
199 2384
199 2953
199 3340
199 3483
199 3700
199 4148
199 4505
199 4870
200 169
200 405
200 949
200 1336
200 1482
200 1860
200 2046
200 2390
200 2801
200 3238
200 3555
200 3987
200 4166
200 4584
200 4863
201 257
201 527
201 758
201 1338
201 1539
201 1829
201 2190
201 2669
201 2820
201 3112
201 3544
201 3969
201 4130
201 4588
201 5039
202 213
202 483
202 963
202 1206
202 1641
202 1975
202 2320
202 2511
202 2822
202 3217
202 3635
202 3996
202 4041
202 4603
202 4730
203 93
203 393
203 679
203 1064
203 1496
203 2005
203 2078
203 2422
203 2761
203 3215
203 3605
203 3890
203 4095
203 4443
203 4783
204 57
204 337
204 732
204 1242
204 1486
204 1936
204 2317
204 2359
204 2936
204 3269
204 3649
204 3834
204 4175
204 4489
204 4992
205 317
205 537
205 982
205 1022
205 1507
205 1990
205 2286
205 2545
205 2729
205 3164
205 3572
205 3720
205 4228
205 4656
205 4973
206 305
206 387
206 718
206 1284
206 1428
206 1910
206 2122
206 2452
206 2922
206 3183
206 3559
206 3775
206 4303
206 4632
206 4942
207 229
207 508
207 744
207 1330
207 1447
207 1726
207 2196
207 2535
207 2758
207 3231
207 3663
207 4016
207 4242
207 4466
207 4781
208 35
208 363
208 998
208 1154
208 1583
208 1687
208 2225
208 2628
208 2826
208 3268
208 3401
208 3852
208 4220
208 4655
208 4762
209 110
209 493
209 849
209 1071
209 1625
209 1795
209 2018
209 2568
209 2913
209 3263
209 3527
209 3751
209 4179
209 4421
209 4753
210 49
210 627
210 989
210 1111
210 1610
210 1942
210 2303
210 2531
210 2859
210 3059
210 3404
210 4008
210 4100
210 4373
210 4835
211 47
211 430
211 885
211 1214
211 1607
211 1688
211 2143
211 2459
211 2691
211 3099
211 3671
211 3957
211 4082
211 4517
211 4857
212 159
212 581
212 893
212 1296
212 1412
212 1797
212 2081
212 2433
212 2815
212 3075
212 3413
212 3813
212 4347
212 4387
212 4914
213 336
213 641
213 865
213 1262
213 1635
213 1954
213 2218
213 2476
213 2862
213 3047
213 3430
213 3828
213 4248
213 4539
213 5012
214 231
214 565
214 880
214 1190
214 1489
214 1959
214 2038
214 2629
214 2786
214 3046
214 3437
214 3898
214 4260
214 4578
214 4716
215 62
215 431
215 769
215 1301
215 1591
215 1721
215 2277
215 2357
215 2799
215 3258
215 3638
215 3833
215 4306
215 4531
215 4709
216 196
216 465
216 796
216 1197
216 1506
216 1871
216 2253
216 2680
216 2791
216 3082
216 3574
216 3892
216 4262
216 4406
216 4766
217 284
217 355
217 813
217 1118
217 1425
217 1870
217 2214
217 2371
217 2981
217 3288
217 3645
217 3877
217 4340
217 4566
217 4865
218 183
218 524
218 705
218 1225
218 1592
218 1727
218 2194
218 2448
218 2888
218 3235
218 3650
218 4027
218 4071
218 4667
218 4984
219 154
219 574
219 685
219 1343
219 1595
219 1699
219 2223
219 2381
219 3022
219 3122
219 3419
219 3835
219 4173
219 4399
219 4831
220 268
220 539
220 979
220 1230
220 1639
220 1890
220 2174
220 2683
220 2797
220 3244
220 3610
220 4013
220 4039
220 4477
220 5011
221 111
221 523
221 854
221 1255
221 1387
221 2014
221 2332
221 2426
221 2947
221 3305
221 3509
221 3782
221 4119
221 4682
221 4901
222 291
222 572
222 939
222 1237
222 1618
222 1967
222 2054
222 2410
222 2790
222 3178
222 3485
222 3910
222 4232
222 4652
222 4736
223 155
223 647
223 929
223 1181
223 1535
223 1850
223 2084
223 2641
223 2911
223 3249
223 3624
223 3937
223 4083
223 4520
223 4855
224 55
224 662
224 908
224 1328
224 1475
224 1968
224 2029
224 2661
224 2724
224 3169
224 3546
224 3888
224 4207
224 4508
224 4784
225 320
225 586
225 678
225 1140
225 1555
225 1987
225 2295
225 2398
225 2713
225 3312
225 3523
225 3761
225 4247
225 4630
225 4910
226 334
226 562
226 971
226 1092
226 1651
226 1701
226 2297
226 2682
226 2909
226 3192
226 3680
226 3702
226 4186
226 4600
226 5020
227 264
227 399
227 722
227 1200
227 1606
227 1963
227 2186
227 2586
227 2692
227 3354
227 3447
227 3808
227 4171
227 4434
227 4918
228 116
228 540
228 950
228 1224
228 1427
228 1718
228 2117
228 2369
228 2874
228 3213
228 3501
228 3959
228 4200
228 4405
228 4854
229 311
229 604
229 706
229 1167
229 1505
229 1716
229 2161
229 2385
229 2908
229 3327
229 3362
229 3930
229 4215
229 4604
229 5035
230 28
230 439
230 852
230 1202
230 1439
230 2002
230 2222
230 2660
230 2785
230 3316
230 3512
230 3733
230 4314
230 4547
230 4796
231 250
231 556
231 843
231 1325
231 1634
231 1706
231 2145
231 2598
231 2734
231 3069
231 3658
231 3911
231 4224
231 4398
231 4714
232 102
232 538
232 864
232 1097
232 1569
232 1807
232 2240
232 2473
232 2945
232 3074
232 3432
232 3899
232 4313
232 4513
232 4732
233 266
233 473
233 850
233 1034
233 1454
233 1964
233 2197
233 2632
233 2873
233 3310
233 3443
233 4010
233 4087
233 4659
233 5021
234 19
234 411
234 736
234 1058
234 1557
234 1759
234 2121
234 2541
234 2755
234 3330
234 3626
234 3799
234 4113
234 4403
234 4711
235 26
235 624
235 818
235 1172
235 1400
235 1787
235 2249
235 2608
235 2916
235 3338
235 3691
235 3932
235 4132
235 4650
235 4775
236 315
236 635
236 728
236 1011
236 1497
236 1941
236 2322
236 2383
236 2854
236 3125
236 3661
236 3933
236 4225
236 4537
236 4744
237 5
237 371
237 956
237 1100
237 1355
237 1978
237 2184
237 2585
237 2927
237 3317
237 3456
237 3736
237 4107
237 4568
237 5031
238 124
238 394
238 876
238 1249
238 1522
238 1952
238 2290
238 2450
238 2816
238 3289
238 3552
238 3767
238 4202
238 4439
238 4765
239 7
239 488
239 766
239 1044
239 1615
239 2003
239 2096
239 2428
239 2795
239 3090
239 3475
239 3830
239 4363
239 4560
239 4763
240 21
240 595
240 822
240 1105
240 1441
240 1921
240 2181
240 2435
240 2869
240 3095
240 3659
240 3936
240 4124
240 4524
240 4801
241 104
241 390
241 682
241 1244
241 1350
241 1846
241 2036
241 2526
241 2765
241 3035
241 3569
241 3815
241 4253
241 4704
241 5030
242 319
242 561
242 713
242 1334
242 1649
242 1918
242 2314
242 2380
242 2829
242 3102
242 3481
242 3745
242 4150
242 4638
242 4974
243 133
243 350
243 931
243 1307
243 1571
243 1826
243 2047
243 2639
243 2722
243 3161
243 3367
243 3770
243 4236
243 4533
243 5032
244 282
244 525
244 926
244 1288
244 1445
244 1960
244 2055
244 2429
244 2742
244 3314
244 3652
244 3954
244 4084
244 4519
244 4902
245 77
245 487
245 743
245 1254
245 1433
245 1804
245 2035
245 2590
245 2733
245 3256
245 3453
245 3865
245 4213
245 4608
245 4909
246 96
246 485
246 827
246 1059
246 1519
246 1724
246 2041
246 2643
246 2879
246 3360
246 3537
246 3897
246 4267
246 4571
246 4958
247 236
247 650
247 877
247 1142
247 1673
247 1760
247 2154
247 2607
247 3014
247 3182
247 3420
247 3902
247 4362
247 4514
247 4967
248 8
248 629
248 773
248 1116
248 1493
248 1880
248 2104
248 2445
248 2837
248 3302
248 3365
248 3765
248 4111
248 4660
248 4852
249 260
249 353
249 910
249 1204
249 1629
249 1887
249 2063
249 2401
249 2924
249 3280
249 3675
249 3785
249 4099
249 4609
249 4773
250 325
250 418
250 704
250 1337
250 1656
250 1698
250 2189
250 2399
250 2841
250 3052
250 3594
250 3956
250 4352
250 4378
250 4750
251 59
251 474
251 874
251 1107
251 1499
251 1876
251 2031
251 2653
251 3008
251 3255
251 3499
251 3944
251 4354
251 4634
251 4951
252 45
252 345
252 969
252 1302
252 1627
252 1704
252 2095
252 2520
252 2999
252 3170
252 3410
252 4015
252 4114
252 4563
252 4937
253 187
253 412
253 729
253 1103
253 1663
253 1728
253 2114
253 2575
253 2878
253 3329
253 3394
253 3699
253 4050
253 4551
253 4779
254 15
254 440
254 771
254 1169
254 1643
254 1825
254 2017
254 2606
254 2771
254 3077
254 3368
254 3999
254 4161
254 4690
254 4943
255 65
255 510
255 676
255 1014
255 1633
255 1929
255 2327
255 2506
255 2817
255 3281
255 3486
255 3753
255 4086
255 4695
255 4976
256 270
256 630
256 906
256 1163
256 1477
256 1886
256 2283
256 2543
256 2810
256 3332
256 3402
256 3825
256 4229
256 4449
256 4988
257 137
257 533
257 780
257 1342
257 1385
257 1810
257 2070
257 2446
257 2928
257 3043
257 3683
257 3864
257 4149
257 4598
257 4818
258 156
258 535
258 809
258 1273
258 1490
258 1822
258 2180
258 2655
258 2772
258 3219
258 3613
258 3908
258 4290
258 4532
258 4896
259 298
259 663
259 934
259 1293
259 1678
259 1739
259 2246
259 2423
259 2969
259 3260
259 3557
259 3947
259 4310
259 4424
259 4928
260 191
260 496
260 747
260 1326
260 1543
260 1909
260 2085
260 2451
260 2872
260 3345
260 3526
260 4024
260 4329
260 4479
260 4780
261 30
261 666
261 911
261 1128
261 1379
261 1774
261 2106
261 2521
261 2891
261 3064
261 3653
261 3974
261 4292
261 4370
261 4946
262 109
262 625
262 921
262 1081
262 1403
262 2004
262 2216
262 2477
262 2696
262 3232
262 3385
262 3797
262 4045
262 4591
262 4875
263 327
263 588
263 694
263 1137
263 1491
263 1714
263 2331
263 2645
263 2989
263 3139
263 3606
263 3915
263 4172
263 4463
263 4939
264 214
264 358
264 742
264 1188
264 1636
264 2015
264 2102
264 2589
264 2907
264 3337
264 3647
264 3962
264 4182
264 4396
264 4924
265 299
265 445
265 862
265 1127
265 1459
265 1839
265 2177
265 2685
265 2774
265 3116
265 3549
265 3896
265 4331
265 4536
265 5004
266 292
266 658
266 674
266 1259
266 1464
266 1738
266 2067
266 2498
266 2863
266 3084
266 3599
266 3891
266 4199
266 4577
266 4983
267 164
267 564
267 776
267 1333
267 1580
267 1861
267 2129
267 2458
267 2751
267 3153
267 3376
267 3794
267 4098
267 4487
267 4977
268 322
268 340
268 868
268 1298
268 1480
268 1995
268 2058
268 2587
268 2704
268 3207
268 3674
268 3903
268 4230
268 4631
268 5017
269 272
269 352
269 689
269 1276
269 1456
269 1969
269 2178
269 2465
269 2710
269 3315
269 3500
269 3990
269 4066
269 4461
269 5006
270 86
270 486
270 960
270 1275
270 1438
270 1953
270 2032
270 2505
270 2938
270 3149
270 3631
270 3860
270 4214
270 4410
270 4954
271 103
271 364
271 1002
271 1028
271 1411
271 1912
271 2298
271 2488
271 3024
271 3055
271 3603
271 3856
271 4073
271 4542
271 4798
272 119
272 671
272 803
272 1129
272 1431
272 1935
272 2315
272 2634
272 2883
272 3109
272 3673
272 3985
272 4157
272 4636
272 4921
273 123
273 648
273 675
273 1133
273 1661
273 1805
273 2074
273 2554
273 3006
273 3171
273 3396
273 3968
273 4365
273 4674
273 4824
274 118
274 529
274 687
274 1304
274 1469
274 1840
274 2112
274 2456
274 2979
274 3071
274 3541
274 3743
274 4120
274 4575
274 4719
275 255
275 388
275 964
275 1038
275 1502
275 1896
275 2192
275 2480
275 2743
275 3127
275 3540
275 3948
275 4162
275 4462
275 5036
276 333
276 409
276 940
276 1220
276 1559
276 1933
276 2309
276 2479
276 2740
276 3089
276 3473
276 3791
276 4223
276 4613
276 4740
277 278
277 457
277 825
277 1203
277 1351
277 2013
277 2347
277 2651
277 2811
277 3286
277 3363
277 3771
277 4289
277 4422
277 4724
278 211
278 491
278 735
278 1310
278 1494
278 1812
278 2234
278 2363
278 2783
278 3328
278 3550
278 3811
278 4163
278 4678
278 4975
279 99
279 617
279 1004
279 1253
279 1381
279 1685
279 2272
279 2552
279 2890
279 3073
279 3568
279 3837
279 4319
279 4702
279 4853
280 39
280 543
280 867
280 1186
280 1605
280 1769
280 2103
280 2437
280 2932
280 3341
280 3489
280 3878
280 4268
280 4561
280 4898
281 101
281 602
281 733
281 1198
281 1586
281 1732
281 2159
281 2507
281 2720
281 3358
281 3472
281 3804
281 4076
281 4646
281 4908
282 17
282 398
282 777
282 1165
282 1537
282 1729
282 2258
282 2353
282 2963
282 3246
282 3692
282 3783
282 4064
282 4484
282 4769
283 251
283 367
283 878
283 1077
283 1419
283 1937
283 2131
283 2583
283 2991
283 3336
283 3660
283 4005
283 4241
283 4376
283 5005
284 173
284 530
284 873
284 1332
284 1612
284 1683
284 2162
284 2375
284 2832
284 3348
284 3576
284 3725
284 4051
284 4530
284 4808
285 216
285 515
285 750
285 1136
285 1540
285 1733
285 2050
285 2615
285 2949
285 3298
285 3542
285 3889
285 4103
285 4441
285 4725
286 61
286 509
286 781
286 1035
286 1603
286 1973
286 2156
286 2524
286 2802
286 3063
286 3438
286 3958
286 4069
286 4668
286 4994
287 80
287 471
287 723
287 1322
287 1631
287 1998
287 2182
287 2517
287 2900
287 3037
287 3575
287 3967
287 4185
287 4689
287 4728
288 204
288 614
288 990
288 1171
288 1680
288 1869
288 2280
288 2665
288 2845
288 3198
288 3454
288 3836
288 4197
288 4432
288 4981
289 100
289 396
289 690
289 1193
289 1474
289 2009
289 2318
289 2503
289 2968
289 3056
289 3548
289 3820
289 4110
289 4457
289 4894
290 150
290 429
290 765
290 1143
290 1620
290 1925
290 2300
290 2557
290 2807
290 3205
290 3513
290 3772
290 4360
290 4559
290 4980
291 233
291 599
291 1000
291 1215
291 1528
291 1999
291 2185
291 2424
291 3009
291 3085
291 3656
291 3850
291 4091
291 4681
291 5029
292 41
292 433
292 942
292 1329
292 1614
292 1793
292 2175
292 2444
292 2814
292 3202
292 3369
292 3988
292 4334
292 4670
292 4868
293 165
293 472
293 948
293 1295
293 1560
293 1889
293 2109
293 2599
293 2865
293 3321
293 3622
293 3989
293 4053
293 4453
293 5037
294 147
294 593
294 891
294 1086
294 1374
294 1932
294 2136
294 2674
294 3011
294 3218
294 3479
294 3977
294 4101
294 4587
294 4906
295 300
295 645
295 815
295 1300
295 1674
295 1715
295 2268
295 2518
295 2903
295 3142
295 3374
295 3803
295 4227
295 4618
295 4986
296 239
296 469
296 793
296 1316
296 1361
296 1786
296 2066
296 2686
296 2718
296 3033
296 3600
296 3768
296 4222
296 4628
296 4846
297 12
297 463
297 739
297 1327
297 1397
297 1775
297 2273
297 2670
297 2915
297 3130
297 3498
297 3723
297 4302
297 4683
297 4847
298 161
298 567
298 970
298 1031
298 1455
298 1913
298 2336
298 2597
298 3016
298 3311
298 3478
298 3707
298 4252
298 4665
298 4803
299 87
299 410
299 760
299 1015
299 1577
299 1725
299 2166
299 2495
299 2939
299 3058
299 3416
299 3924
299 4168
299 4546
299 4807
300 274
300 416
300 686
300 1113
300 1368
300 1986
300 2302
300 2530
300 2736
300 3141
300 3397
300 3796
300 4054
300 4558
300 4871
301 316
301 616
301 967
301 1313
301 1357
301 1689
301 2351
301 2436
301 2973
301 3211
301 3636
301 3809
301 4048
301 4402
301 4979
302 195
302 381
302 833
302 1260
302 1462
302 1824
302 2120
302 2513
302 2702
302 3247
302 3418
302 3879
302 4057
302 4429
302 4996
303 312
303 417
303 741
303 1148
303 1508
303 1922
303 2149
303 2462
303 2905
303 3346
303 3620
303 3795
303 4070
303 4492
303 4823
304 16
304 348
304 988
304 1236
304 1630
304 1920
304 2049
304 2574
304 2764
304 3185
304 3462
304 3883
304 4134
304 4669
304 4727
305 50
305 503
305 681
305 1150
305 1574
305 1753
305 2077
305 2374
305 2803
305 3143
305 3584
305 3784
305 4105
305 4640
305 4812
306 296
306 594
306 755
306 1094
306 1345
306 1801
306 2349
306 2442
306 2818
306 3357
306 3551
306 4009
306 4080
306 4493
306 4934
307 112
307 484
307 709
307 1020
307 1479
307 1928
307 2167
307 2402
307 2827
307 3119
307 3502
307 3760
307 4366
307 4395
307 5023
308 42
308 633
308 851
308 1095
308 1544
308 1765
308 2338
308 2368
308 2984
308 3200
308 3383
308 3786
308 4192
308 4507
308 4911
309 286
309 452
309 693
309 1272
309 1525
309 1712
309 2164
309 2404
309 2934
309 3343
309 3529
309 4029
309 4208
309 4582
309 4745
310 217
310 665
310 695
310 1218
310 1570
310 1926
310 2201
310 2560
310 2880
310 3323
310 3442
310 3801
310 4102
310 4444
310 4969
311 197
311 421
311 915
311 1216
311 1575
311 1957
311 2169
311 2529
311 2958
311 3039
311 3670
311 3728
311 4096
311 4684
311 4768
312 88
312 563
312 924
312 1121
312 1622
312 1750
312 2204
312 2405
312 2716
312 3237
312 3582
312 3912
312 4088
312 4573
312 4829
313 188
313 481
313 883
313 1271
313 1624
313 1930
313 2263
313 2408
313 2848
313 3146
313 3488
313 3740
313 4151
313 4381
313 4930
314 130
314 654
314 887
314 1177
314 1623
314 1855
314 2200
314 2676
314 3019
314 3057
314 3579
314 3780
314 4126
314 4583
314 4907
315 40
315 557
315 947
315 1312
315 1548
315 1863
315 2098
315 2527
315 3002
315 3193
315 3694
315 3913
315 4196
315 4614
315 4944
316 148
316 631
316 719
316 1309
316 1550
316 1895
316 2152
316 2504
316 2851
316 3131
316 3607
316 4017
316 4204
316 4620
316 4754
317 203
317 356
317 951
317 1149
317 1407
317 1814
317 2239
317 2559
317 2899
317 3096
317 3520
317 3971
317 4263
317 4456
317 4723
318 271
318 402
318 745
318 1076
318 1476
318 1843
318 2146
318 2509
318 2747
318 3257
318 3451
318 3844
318 4068
318 4555
318 5013
319 200
319 511
319 966
319 1290
319 1556
319 1862
319 2221
319 2386
319 2850
319 3204
319 3382
319 3769
319 4288
319 4626
319 4848
320 310
320 499
320 985
320 1068
320 1650
320 1946
320 2328
320 2533
320 2914
320 3140
320 3425
320 3697
320 4062
320 4625
320 4785
321 11
321 376
321 727
321 1032
321 1573
321 1906
321 2271
321 2616
321 2768
321 3236
321 3634
321 3935
321 4118
321 4414
321 4888
322 36
322 501
322 808
322 1041
322 1578
322 1770
322 2124
322 2570
322 2709
322 3296
322 3643
322 3881
322 4142
322 4393
322 4916
323 249
323 526
323 794
323 1183
323 1524
323 1917
323 2171
323 2556
323 2756
323 3220
323 3399
323 3887
323 4183
323 4496
323 4938
324 60
324 489
324 692
324 1263
324 1509
324 1790
324 2232
324 2684
324 2823
324 3359
324 3431
324 3961
324 4361
324 4635
324 4834
325 208
325 558
325 996
325 1080
325 1389
325 1911
325 2132
325 2478
325 2897
325 3104
325 3395
325 3927
325 4240
325 4445
325 4985
326 106
326 517
326 944
326 1297
326 1504
326 1690
326 2255
326 2497
326 2977
326 3044
326 3467
326 3847
326 4254
326 4687
326 4891
327 144
327 366
327 863
327 1017
327 1549
327 1971
327 2319
327 2617
327 2794
327 3339
327 3411
327 3734
327 4234
327 4556
327 4941
328 332
328 667
328 881
328 1234
328 1483
328 1771
328 2215
328 2403
328 3001
328 3326
328 3519
328 3973
328 4145
328 4576
328 4814
329 157
329 467
329 905
329 1227
329 1512
329 1948
329 2087
329 2388
329 2731
329 3145
329 3508
329 4022
329 4216
329 4470
329 4843
330 202
330 528
330 999
330 1161
330 1358
330 2006
330 2187
330 2464
330 2937
330 3030
330 3471
330 3934
330 4251
330 4473
330 4776
331 294
331 373
331 778
331 1232
331 1642
331 1956
331 2284
331 2666
331 2918
331 3100
331 3491
331 3972
331 4339
331 4418
331 5009
332 94
332 607
332 711
332 1101
332 1450
332 1785
332 2025
332 2610
332 2877
332 3154
332 3495
332 3929
332 4174
332 4500
332 4761
333 24
333 516
333 836
333 1144
333 1529
333 1803
333 2265
333 2362
333 2766
333 3189
333 3616
333 3766
333 4245
333 4464
333 4968
334 38
334 589
334 922
334 1299
334 1617
334 1700
334 2235
334 2663
334 2919
334 3166
334 3504
334 3742
334 4269
334 4610
334 4726
335 209
335 608
335 913
335 1065
335 1516
335 1947
335 2260
335 2569
335 2986
335 3342
335 3474
335 4006
335 4133
335 4602
335 4892
336 201
336 613
336 806
336 1208
336 1584
336 1898
336 2069
336 2370
336 2749
336 3241
336 3617
336 3945
336 4077
336 4543
336 4760
1 5122
1 6214
1 6790
1 7464
1 8369
1 8868
1 9546
2 5580
2 5882
2 6975
2 7280
2 8186
2 9264
2 9396
3 5358
3 6377
3 6634
3 7564
3 8327
3 9032
3 9647
4 5569
4 6030
4 6757
4 7313
4 8231
4 8762
4 9523
5 5374
5 6313
5 7039
5 7640
5 8547
5 8834
5 9591
6 5515
6 6201
6 7006
6 7831
6 8344
6 9025
6 9583
7 5612
7 6275
7 6499
7 7901
7 7939
7 8836
7 9539
8 5712
8 6101
8 6615
8 7221
8 8000
8 9012
8 9659
9 5609
9 5991
9 6828
9 7818
9 8561
9 8897
9 9412
10 5443
10 6265
10 6819
10 7664
10 8148
10 9334
10 9728
11 5214
11 5860
11 7169
11 7388
11 7944
11 9157
11 10028
12 5508
12 6152
12 6721
12 7397
12 8413
12 9133
12 9968
13 5603
13 6227
13 6943
13 7695
13 8534
13 8916
13 9904
14 5203
14 5922
14 7019
14 7762
14 8301
14 8808
14 9832
15 5354
15 6166
15 7087
15 7813
15 8256
15 8757
15 9847
16 5573
16 6436
16 6761
16 7315
16 8137
16 9286
16 9902
17 5079
17 5865
17 6686
17 7907
17 8057
17 8703
17 9466
18 5357
18 5968
18 6811
18 7861
18 8494
18 9100
18 9452
19 5557
19 6405
19 7144
19 7669
19 7931
19 9271
19 10037
20 5341
20 6384
20 6503
20 7805
20 8486
20 8872
20 9928
21 5321
21 6285
21 6921
21 7455
21 8281
21 8717
21 9526
22 5559
22 5820
22 6771
22 7205
22 8493
22 9201
22 9537
23 5685
23 5876
23 7005
23 7363
23 8464
23 8720
23 9650
24 5440
24 6448
24 6861
24 7849
24 8444
24 9095
24 9980
25 5196
25 6195
25 6690
25 7793
25 8593
25 8956
25 9780
26 5339
26 5863
26 6845
26 7841
26 7956
26 9250
26 9802
27 5676
27 6326
27 6872
27 7496
27 8082
27 9199
27 9906
28 5690
28 5849
28 6536
28 7575
28 8294
28 8785
28 9573
29 5746
29 6133
29 6731
29 7755
29 8313
29 8811
29 9541
30 5361
30 6391
30 7152
30 7890
30 8460
30 8946
30 9517
31 5234
31 6390
31 6993
31 7443
31 8555
31 9262
31 9626
32 5077
32 5828
32 6966
32 7486
32 8118
32 8753
32 9892
33 5404
33 6093
33 7166
33 7207
33 8487
33 8769
33 9395
34 5489
34 6393
34 7033
34 7812
34 8379
34 8711
34 9385
35 5474
35 5831
35 6620
35 7599
35 8508
35 9137
35 9606
36 5627
36 6289
36 6939
36 7252
36 8504
36 9110
36 9712
37 5552
37 5816
37 7028
37 7510
37 8513
37 8649
37 9651
38 5669
38 5959
38 6835
38 7385
38 8455
38 9238
38 9458
39 5140
39 5818
39 6581
39 7893
39 8266
39 9314
39 9856
40 5713
40 6054
40 6892
40 7438
40 8021
40 8997
40 9603
41 5094
41 6458
41 6970
41 7607
41 8626
41 8758
41 9664
42 5630
42 6097
42 6728
42 7553
42 8531
42 9127
42 9551
43 5470
43 6430
43 6981
43 7646
43 8390
43 9317
43 9392
44 5550
44 5986
44 6893
44 7565
44 8087
44 8967
44 10070
45 5606
45 6020
45 7012
45 7266
45 8012
45 9310
45 9868
46 5602
46 6060
46 7164
46 7809
46 8383
46 8851
46 9916
47 5252
47 5811
47 6509
47 7316
47 8456
47 8896
47 9404
48 5175
48 6047
48 6720
48 7595
48 8077
48 9171
48 9491
49 5294
49 5989
49 6885
49 7879
49 8571
49 8691
49 9437
50 5224
50 5931
50 7116
50 7429
50 8318
50 8958
50 9509
51 5088
51 5888
51 6762
51 7693
51 7960
51 8912
51 9549
52 5186
52 6345
52 6656
52 7734
52 7955
52 9339
52 10044
53 5540
53 5910
53 6944
53 7428
53 8124
53 8741
53 9632
54 5352
54 6396
54 6666
54 7293
54 8559
54 8882
54 9787
55 5493
55 5973
55 6624
55 7602
55 8507
55 8929
55 9845
56 5715
56 5792
56 6682
56 7808
56 8300
56 9205
56 9362
57 5210
57 6446
57 6990
57 7748
57 8477
57 8919
57 9772
58 5180
58 5846
58 6553
58 7220
58 8512
58 8676
58 9494
59 5413
59 5764
59 6549
59 7604
59 8128
59 9288
59 9884
60 5523
60 6070
60 6651
60 7715
60 8394
60 9060
60 9615
61 5620
61 5869
61 6960
61 7626
61 8620
61 8780
61 9492
62 5106
62 6196
62 7145
62 7360
62 8195
62 8876
62 9587
63 5729
63 6407
63 7129
63 7245
63 8526
63 8906
63 10060
64 5755
64 6429
64 6631
64 7860
64 8436
64 8714
64 9687
65 5529
65 5847
65 6716
65 7660
65 8584
65 8726
65 9557
66 5494
66 6034
66 6488
66 7230
66 7997
66 8941
66 9905
67 5472
67 6402
67 7157
67 7406
67 8136
67 8772
67 9914
68 5578
68 6031
68 7010
68 7329
68 8250
68 9332
68 10006
69 5256
69 5985
69 6766
69 7757
69 8309
69 9327
69 10054
70 5311
70 5841
70 6913
70 7637
70 8503
70 8932
70 9473
71 5068
71 6302
71 6595
71 7365
71 8457
71 8704
71 9575
72 5740
72 5773
72 6710
72 7720
72 8245
72 9053
72 9797
73 5661
73 5858
73 6830
73 7380
73 8001
73 8875
73 9717
74 5732
74 5917
74 6864
74 7728
74 8538
74 9093
74 9915
75 5314
75 6164
75 6645
75 7291
75 8005
75 9295
75 9698
76 5305
76 5807
76 7077
76 7862
76 8225
76 9156
76 9744
77 5058
77 5976
77 7095
77 7453
77 8442
77 8793
77 9795
78 5334
78 6311
78 7127
78 7582
78 8572
78 8837
78 9834
79 5531
79 6413
79 7100
79 7643
79 8280
79 9273
79 9478
80 5172
80 5972
80 6668
80 7707
80 8065
80 8973
80 9882
81 5484
81 5966
81 6772
81 7268
81 8194
81 8978
81 9851
82 5588
82 5912
82 7191
82 7777
82 8068
82 8783
82 9501
83 5636
83 6063
83 6613
83 7585
83 8587
83 8797
83 9386
84 5411
84 6125
84 6585
84 7701
84 8384
84 9233
84 9423
85 5650
85 6269
85 6593
85 7628
85 8334
85 8881
85 9363
86 5593
86 6145
86 6494
86 7531
86 8049
86 8723
86 9503
87 5736
87 6105
87 6733
87 7817
87 7964
87 9181
87 9696
88 5195
88 5834
88 6839
88 7206
88 8024
88 9136
88 10039
89 5442
89 6349
89 6797
89 7764
89 8239
89 9107
89 9381
90 5722
90 6259
90 7046
90 7211
90 8366
90 8989
90 9553
91 5751
91 6479
91 6984
91 7900
91 8591
91 8972
91 9514
92 5164
92 6395
92 6530
92 7276
92 8115
92 9313
92 9378
93 5611
93 6254
93 6519
93 7717
93 8616
93 9154
93 9783
94 5639
94 6017
94 6715
94 7819
94 8417
94 9064
94 9564
95 5377
95 5983
95 6483
95 7339
95 8097
95 9290
95 10036
96 5486
96 6421
96 6535
96 7371
96 8497
96 8668
96 9550
97 5394
97 6036
97 6875
97 7788
97 8440
97 9003
97 9756
98 5298
98 6016
98 6852
98 7866
98 7987
98 9318
98 9920
99 5502
99 5965
99 6677
99 7323
99 8319
99 8681
99 9718
100 5205
100 6392
100 6972
100 7454
100 8223
100 9105
100 10073
101 5459
101 6290
101 6953
101 7727
101 8466
101 8839
101 9826
102 5198
102 5979
102 6695
102 7452
102 8556
102 9159
102 9629
103 5473
103 6173
103 6658
103 7796
103 8193
103 8782
103 9852
104 5644
104 6231
104 6976
104 7298
104 8228
104 9072
104 9619
105 5758
105 6467
105 6689
105 7377
105 8260
105 9129
105 9407
106 5454
106 5940
106 6718
106 7677
106 8089
106 9031
106 9580
107 5333
107 6297
107 6734
107 7514
107 8622
107 8642
107 10064
108 5260
108 6208
108 6681
108 7284
108 8170
108 8719
108 10021
109 5477
109 6138
109 7156
109 7490
109 8557
109 9319
109 10048
110 5247
110 6363
110 6936
110 7653
110 8581
110 8802
110 9775
111 5152
111 5993
111 6518
111 7434
111 8016
111 9281
111 9365
112 5389
112 6461
112 7184
112 7331
112 8144
112 8725
112 9685
113 5652
113 6124
113 6550
113 7408
113 8465
113 8735
113 9778
114 5261
114 6014
114 6649
114 7775
114 8552
114 9296
114 9565
115 5376
115 5996
115 6608
115 7448
115 7975
115 9298
115 9909
116 5343
116 6218
116 6934
116 7765
116 8230
116 8724
116 9463
117 5698
117 6460
117 6783
117 7216
117 8237
117 9016
117 9441
118 5696
118 6128
118 6924
118 7835
118 8392
118 8883
118 9918
119 5378
119 6299
119 6743
119 7884
119 7927
119 8746
119 9816
120 5364
120 5988
120 6713
120 7328
120 8418
120 9257
120 9563
121 5742
121 6035
121 6569
121 7399
121 8404
121 9148
121 9735
122 5360
122 6025
122 6908
122 7556
122 8482
122 9058
122 9701
123 5524
123 6076
123 6848
123 7670
123 8166
123 9130
123 9413
124 5250
124 5911
124 7136
124 7830
124 8452
124 8846
124 9540
125 5166
125 6427
125 7151
125 7500
125 8213
125 8657
125 10004
126 5558
126 6374
126 6532
126 7202
126 8540
126 8684
126 9572
127 5355
127 6037
127 7042
127 7508
127 8459
127 9153
127 9870
128 5372
128 6029
128 6919
128 7782
128 8073
128 8986
128 9665
129 5276
129 5827
129 6786
129 7686
129 8048
129 8644
129 9444
130 5745
130 6069
130 7074
130 7261
130 8378
130 8924
130 9442
131 5632
131 6357
131 6982
131 7533
131 8173
131 8905
131 9716
132 5097
132 6322
132 6559
132 7754
132 8273
132 8949
132 9579
133 5439
133 5809
133 6625
133 7442
133 8321
133 9338
133 9727
134 5510
134 6276
134 7165
134 7373
134 8081
134 8944
134 9414
135 5405
135 6447
135 7177
135 7467
135 8574
135 8871
135 9577
136 5600
136 5999
136 7131
136 7555
136 8551
136 8648
136 9910
137 5634
137 5817
137 7062
137 7493
137 7934
137 9306
137 9950
138 5085
138 5934
138 7058
138 7356
138 8061
138 8777
138 9432
139 5199
139 6171
139 6605
139 7867
139 8604
139 8656
139 9913
140 5309
140 6082
140 7041
140 7682
140 8017
140 8870
140 10014
141 5649
141 5995
141 6644
141 7534
141 8249
141 9323
141 9912
142 5646
142 6011
142 6905
142 7223
142 8516
142 8689
142 9635
143 5103
143 6431
143 6814
143 7444
143 8248
143 8707
143 9405
144 5071
144 6053
144 6866
144 7570
144 8108
144 8687
144 9611
145 5369
145 5967
145 7179
145 7353
145 8431
145 9178
145 9875
146 5253
146 6444
146 6920
146 7773
146 8558
146 8708
146 9941
147 5366
147 6040
147 7143
147 7912
147 8072
147 9038
147 9469
148 5075
148 6312
148 6514
148 7558
148 8339
148 9036
148 10043
149 5549
149 6319
149 6602
149 7304
149 8575
149 8706
149 9899
150 5617
150 6134
150 7020
150 7479
150 8409
150 8749
150 9638
151 5178
151 6065
151 7176
151 7459
151 8471
151 9192
151 9890
152 5060
152 6373
152 6555
152 7403
152 8002
152 8795
152 9704
153 5420
153 6408
153 6813
153 7829
153 8036
153 8903
153 9487
154 5307
154 5763
154 6815
154 7382
154 8316
154 9237
154 9471
155 5225
155 5975
155 6767
155 7294
155 8062
155 8775
155 9637
156 5607
156 6225
156 6792
156 7845
156 8535
156 9232
156 9535
157 5156
157 5894
157 7068
157 7684
157 8076
157 8727
157 9522
158 5209
158 6087
158 6795
158 7780
158 8304
158 9200
158 10058
159 5125
159 5981
159 6575
159 7633
159 8007
159 9029
159 9400
160 5148
160 6323
160 6862
160 7420
160 8158
160 8658
160 9862
161 5561
161 6230
161 6526
161 7367
161 8495
161 9265
161 9649
162 5432
162 6104
162 6548
162 7710
162 8583
162 8880
162 10026
163 5417
163 5776
163 7175
163 7770
163 8375
163 9169
163 9669
164 5316
164 6111
164 6784
164 7241
164 8207
164 9303
164 9450
165 5626
165 6085
165 6665
165 7260
165 8546
165 8765
165 10008
166 5204
166 5848
166 6756
166 7743
166 8279
166 8945
166 9983
167 5753
167 5952
167 7075
167 7449
167 8354
167 9020
167 9694
168 5421
168 5932
168 6912
168 7478
168 8153
168 8866
168 9988
169 5300
169 5852
169 6588
169 7756
169 8348
169 8858
169 10059
170 5648
170 6114
170 6614
170 7522
170 8350
170 8732
170 9376
171 5469
171 5892
171 6554
171 7272
171 8199
171 9175
171 9498
172 5601
172 6083
172 6780
172 7871
172 8045
172 8821
172 9476
173 5102
173 5804
173 7004
173 7239
173 8103
173 9309
173 9751
174 5520
174 5833
174 6572
174 7433
174 8303
174 8825
174 9889
175 5401
175 6385
175 6619
175 7666
175 8407
175 8936
175 9838
176 5158
176 6115
176 6789
176 7768
176 8331
176 9115
176 9721
177 5315
177 6049
177 6781
177 7366
177 8479
177 8697
177 9857
178 5219
178 6255
178 6952
178 7462
178 7994
178 8813
178 9599
179 5167
179 6206
179 6968
179 7719
179 8271
179 8709
179 9997
180 5238
180 6163
180 7137
180 7887
180 8478
180 8661
180 9973
181 5171
181 6245
181 6594
181 7577
181 7996
181 9347
181 9894
182 5274
182 6232
182 7001
182 7559
182 8569
182 9328
182 9693
183 5070
183 6331
183 6736
183 7908
183 8003
183 9112
183 9886
184 5287
184 5842
184 6812
184 7618
184 8096
184 8900
184 9774
185 5728
185 6212
185 7113
185 7789
185 8152
185 9149
185 10047
186 5514
186 6280
186 6626
186 7395
186 8242
186 8963
186 9864
187 5560
187 6249
187 6505
187 7552
187 8485
187 9311
187 9985
188 5245
188 6151
188 6992
188 7256
188 8511
188 9056
188 9854
189 5521
189 6262
189 6897
189 7554
189 8553
189 9081
189 9798
190 5505
190 6301
190 6523
190 7302
190 8217
190 8980
190 9531
191 5138
191 6452
191 7099
191 7368
191 7922
191 8890
191 9524
192 5511
192 6435
192 6843
192 7571
192 8412
192 8666
192 9421
193 5577
193 5984
193 6923
193 7392
193 8565
193 9278
193 9576
194 5332
194 6202
194 6809
194 7349
194 8472
194 9300
194 9924
195 5412
195 6295
195 6704
195 7412
195 8286
195 9285
195 9865
196 5288
196 6018
196 6714
196 7405
196 8636
196 9014
196 9528
197 5720
197 5891
197 6827
197 7249
197 8046
197 8781
197 9737
198 5062
198 5845
198 7067
198 7232
198 7984
198 8659
198 9700
199 5082
199 5778
199 6836
199 7432
199 8054
199 8755
199 9874
200 5174
200 6344
200 6501
200 7285
200 8151
200 9043
200 9898
201 5596
201 6191
201 6696
201 7648
201 7946
201 8987
201 9897
202 5255
202 5810
202 6617
202 7854
202 8368
202 8774
202 9764
203 5750
203 6462
203 6740
203 7792
203 8372
203 9049
203 9470
204 5534
204 6235
204 7065
204 7567
204 7935
204 9167
204 9771
205 5556
205 6394
205 7064
205 7477
205 8449
205 9051
205 9660
206 5327
206 5836
206 6877
206 7435
206 8453
206 8841
206 9543
207 5273
207 6080
207 6591
207 7649
207 8107
207 8700
207 10029
208 5371
208 6236
208 6533
208 7674
208 8208
208 9267
208 9719
209 5153
209 6439
209 6544
209 7641
209 8451
209 8810
209 9896
210 5090
210 6248
210 6804
210 7873
210 8004
210 9062
210 9722
211 5419
211 5765
211 6638
211 7679
211 8180
211 8894
211 9850
212 5159
212 6190
212 7171
212 7362
212 7947
212 8948
212 9995
213 5757
213 6400
213 7125
213 7410
213 8576
213 9239
213 9809
214 5050
214 6117
214 6642
214 7586
214 8110
214 9101
214 10051
215 5483
215 5924
215 6882
215 7518
215 8476
215 8856
215 9782
216 5142
216 6153
216 7038
216 7848
216 8139
216 8886
216 9480
217 5114
217 6316
217 6717
217 7800
217 8030
217 8909
217 9389
218 5066
218 6243
218 6623
218 7560
218 8066
218 8652
218 9747
219 5206
219 5987
219 6567
219 7224
219 8187
219 8669
219 9836
220 5717
220 5971
220 6873
220 7736
220 8483
220 8830
220 10080
221 5667
221 5830
221 7054
221 7330
221 8040
221 8748
221 9830
222 5069
222 6044
222 7120
222 7804
222 8473
222 8751
222 9671
223 5714
223 6403
223 6904
223 7292
223 8481
223 8925
223 10012
224 5643
224 6199
224 6910
224 7346
224 7976
224 8805
224 9961
225 5735
225 5784
225 7196
225 7779
225 7961
225 9279
225 10015
226 5688
226 6417
226 6497
226 7502
226 8035
226 9097
226 10042
227 5049
227 6155
227 6955
227 7584
227 8174
227 9263
227 10032
228 5535
228 5877
228 7036
228 7721
228 7962
228 9033
228 9736
229 5400
229 6401
229 7011
229 7516
229 8528
229 9299
229 9457
230 5700
230 5780
230 7018
230 7629
230 7938
230 9108
230 10077
231 5423
231 5950
231 7017
231 7620
231 8080
231 9222
231 10033
232 5496
232 6278
232 6994
232 7473
232 8582
232 9345
232 10053
233 5711
233 6304
233 6635
233 7228
233 8548
233 8698
233 9429
234 5424
234 5930
234 6563
234 7894
234 8051
234 9168
234 9761
235 5591
235 6004
235 6737
235 7807
235 7971
235 8692
235 9569
236 5406
236 5918
236 6915
236 7511
236 8142
236 8913
236 9883
237 5162
237 6229
237 7194
237 7864
237 8398
237 9291
237 9613
238 5595
238 5766
238 6612
238 7644
238 7929
238 8760
238 9768
239 5173
239 6242
239 6829
239 7824
239 8257
239 8766
239 10030
240 5226
240 6147
240 6600
240 7705
240 8543
240 8861
240 10025
241 5398
241 6165
241 6552
241 7235
241 8338
241 9274
241 10019
242 5338
242 6028
242 6565
242 7369
242 8227
242 8933
242 9648
243 5662
243 6246
243 7051
243 7919
243 8101
243 9089
243 9811
244 5553
244 6052
244 6851
244 7440
244 8298
244 9221
244 9956
245 5684
245 6217
245 7032
245 7857
245 8554
245 9187
245 9545
246 5633
246 5870
246 6996
246 7384
246 8564
246 9069
246 9594
247 5702
247 5886
247 6805
247 7372
247 8533
247 8893
247 9602
248 5466
248 6283
248 6774
248 7520
248 8377
248 9147
248 10023
249 5054
249 5903
249 7154
249 7450
249 8094
249 8920
249 9370
250 5726
250 5994
250 6752
250 7218
250 8524
250 8764
250 9738
251 5123
251 5782
251 6525
251 7690
251 8450
251 9039
251 9705
252 5112
252 5798
252 6711
252 7548
252 8373
252 8962
252 9525
253 5127
253 6143
253 6918
253 7551
253 8226
253 8665
253 9981
254 5642
254 6046
254 6708
254 7233
254 7973
254 9268
254 9931
255 5074
255 6189
255 7078
255 7881
255 8346
255 9109
255 9848
256 5317
256 5914
256 7003
256 7713
256 7957
256 8981
256 9678
257 5241
257 6380
257 6484
257 7863
257 8430
257 8803
257 9610
258 5270
258 6027
258 7047
258 7286
258 8542
258 8679
258 9600
259 5622
259 6292
259 6596
259 7920
259 8229
259 9170
259 9552
260 5265
260 6473
260 7097
260 7771
260 8274
260 8950
260 9482
261 5748
261 6072
261 6911
261 7617
261 8458
261 9050
261 9741
262 5545
262 6309
262 7076
262 7657
262 8098
262 9297
262 10067
263 5709
263 6089
263 7109
263 7456
263 8617
263 9255
263 9451
264 5342
264 5884
264 7024
264 7351
264 8161
264 9333
264 10045
265 5099
265 6389
265 6776
265 7295
265 8126
265 9190
265 9927
266 5731
266 6324
266 6606
266 7685
266 8167
266 8752
266 9556
267 5118
267 6056
267 7150
267 7716
267 8602
267 9165
267 9708
268 5229
268 6334
268 6931
268 7589
268 8218
268 9354
268 9891
269 5230
269 5936
269 6806
269 7623
269 8113
269 8650
269 9946
270 5446
270 6340
270 7141
270 7875
270 8629
270 8901
270 9361
271 5137
271 6268
271 7108
271 7562
271 7941
271 9346
271 9967
272 5453
272 6330
272 7080
272 7915
272 8112
272 8771
272 9589
273 5451
273 6077
273 6522
273 7851
273 7980
273 9102
273 9495
274 5457
274 6438
274 6840
274 7616
274 8197
274 8908
274 9713
275 5677
275 5982
275 6706
275 7692
275 8282
275 9123
275 9662
276 5478
276 6379
276 6662
276 7827
276 8033
276 8845
276 9810
277 5621
277 6110
277 7025
277 7212
277 8393
277 9244
277 9513
278 5145
278 6305
278 6702
278 7634
278 8605
278 8828
278 9893
279 5624
279 6423
279 7059
279 7430
279 8201
279 8826
279 9383
280 5536
280 6256
280 6802
280 7904
280 8637
280 8713
280 9390
281 5460
281 6086
281 7135
281 7561
281 8567
281 9348
281 9825
282 5185
282 6211
282 6971
282 7659
282 8598
282 8873
282 9777
283 5081
283 6043
283 6632
283 7327
283 8468
283 8969
283 9975
284 5251
284 5805
284 6997
284 7691
284 8299
284 8898
284 9682
285 5393
285 6062
285 6768
285 7325
285 8361
285 8835
285 9448
286 5248
286 6271
286 6820
286 7903
286 8129
286 9261
286 9570
287 5614
287 6317
287 7055
287 7605
287 8445
287 9098
287 9823
288 5579
288 5862
288 6601
288 7231
288 8018
288 9275
288 9907
289 5665
289 5962
289 6888
289 7383
289 8079
289 9128
289 10069
290 5481
290 6051
290 7035
290 7312
290 8034
290 8966
290 9839
291 5243
291 6368
291 6504
291 7234
291 8492
291 8738
291 9757
292 5120
292 6006
292 6759
292 7550
292 8009
292 8938
292 9978
293 5467
293 5926
293 6641
293 7258
293 8330
293 8974
293 9806
294 5133
294 5832
294 7130
294 7913
294 8518
294 9329
294 9536
295 5485
295 6365
295 6980
295 7758
295 8505
295 8887
295 9420
296 5479
296 6175
296 6486
296 7296
296 8625
296 9341
296 9558
297 5615
297 6329
297 7153
297 7492
297 8355
297 9162
297 9801
298 5468
298 6220
298 6725
298 7357
298 8594
298 9023
298 9411
299 5169
299 5898
299 6661
299 7532
299 8285
299 8809
299 9617
300 5221
300 6366
300 7104
300 7832
300 8095
300 9090
300 9506
301 5113
301 5771
301 6636
301 7712
301 7981
301 9103
301 9440
302 5095
302 5837
302 7142
302 7547
302 8246
302 8740
302 9504
303 5653
303 5821
303 6909
303 7546
303 8243
303 8955
303 10076
304 5691
304 6140
304 6867
304 7290
304 7949
304 9145
304 9515
305 5475
305 6315
305 6906
305 7910
305 8360
305 9135
305 9692
306 5743
306 5777
306 6753
306 7588
306 8302
306 8935
306 9527
307 5168
307 6112
307 7027
307 7826
307 8356
307 9124
307 9605
308 5157
308 6058
308 6570
308 7319
308 8184
308 9182
308 9853
309 5135
309 5974
309 7045
309 7745
309 8615
309 8710
309 9748
310 5616
310 5768
310 6858
310 7334
310 8532
310 9114
310 9817
311 5497
311 5785
311 6995
311 7525
311 8427
311 8695
311 9425
312 5267
312 5916
312 6609
312 7524
312 8337
312 8705
312 9507
313 5434
313 6095
313 7084
313 7749
313 8343
313 9212
313 9640
314 5208
314 6375
314 6698
314 7413
314 8611
314 9155
314 9970
315 5654
315 6141
315 6516
315 7414
315 8638
315 8817
315 9511
316 5080
316 6183
316 6574
316 7799
316 8550
316 9179
316 9732
317 5067
317 5928
317 6597
317 7350
317 8105
317 8889
317 9653
318 5487
318 6050
318 6481
318 7834
318 8047
318 8977
318 9999
319 5313
319 5835
319 6699
319 7527
319 7990
319 8991
319 9873
320 5623
320 6440
320 6816
320 7806
320 8619
320 8818
320 9459
321 5562
321 6399
321 6945
321 7797
321 8523
321 8647
321 9628
322 5335
322 5851
322 7093
322 7278
322 8463
322 9106
322 10040
323 5375
323 5927
323 6933
323 7786
323 8628
323 9002
323 9767
324 5297
324 5909
324 6557
324 7424
324 7991
324 8641
324 9401
325 5673
325 6327
325 7200
325 7251
325 8138
325 9173
325 9367
326 5116
326 6177
326 7148
326 7237
326 8340
326 9203
326 9624
327 5586
327 6354
327 6541
327 7568
327 8410
327 8671
327 9911
328 5367
328 6468
328 6777
328 7519
328 8091
328 9349
328 9942
329 5259
329 6459
329 7016
329 7886
329 8496
329 8863
329 9808
330 5047
330 6074
330 7134
330 7222
330 8026
330 8773
330 9676
331 5150
331 6272
331 6950
331 7333
331 8510
331 9336
331 9408
332 5482
332 5895
332 6954
332 7376
332 8234
332 8971
332 10063
333 5121
333 6367
333 7161
333 7889
333 8020
333 9073
333 9622
334 5759
334 6310
334 6515
334 7457
334 8069
334 9204
334 9548
335 5501
335 5878
335 6962
335 7378
335 8382
335 9121
335 9529
336 5319
336 6042
336 6660
336 7469
336 8570
336 8688
336 10005
337 5491
337 5868
337 6917
337 7676
337 8541
337 9193
337 9872
338 5449
338 6307
338 6527
338 7421
338 8501
338 8778
338 9661
339 5328
339 5787
339 6765
339 7729
339 8220
339 9185
339 9925
340 5490
340 6241
340 6748
340 7787
340 8400
340 9252
340 9456
341 5291
341 6041
341 6493
341 7704
341 8385
341 8646
341 10061
342 5200
342 6001
342 6801
342 7583
342 8251
342 8744
342 9596
343 5336
343 5958
343 6573
343 7760
343 8111
343 8857
343 9843
344 5422
344 5779
344 6511
344 7217
344 7926
344 8983
344 9568
345 5154
345 5902
345 7126
345 7387
345 8544
345 8848
345 9758
346 5345
346 6281
346 6833
346 7672
346 8639
346 9358
346 9804
347 5061
347 5920
347 7140
347 7611
347 8529
347 9059
347 9672
348 5331
348 6257
348 6763
348 7301
348 8204
348 9150
348 9623
349 5495
349 6172
349 7066
349 7876
349 8169
349 9249
349 10079
350 5096
350 6116
350 6687
350 7507
350 8191
350 8953
350 10072
351 5257
351 5813
351 6724
351 7306
351 8025
351 9068
351 9372
352 5093
352 5800
352 7015
352 7722
352 8262
352 8827
352 9461
353 5554
353 5905
353 6957
353 7471
353 8053
353 9045
353 9887
354 5129
354 6286
354 7119
354 7746
354 8312
354 8904
354 10009
355 5681
355 5990
355 6618
355 7882
355 7923
355 9330
355 9560
356 5109
356 5822
356 7189
356 7574
356 8640
356 8792
356 9759
357 5379
357 5855
357 7098
357 7391
357 8424
357 8982
357 10052
358 5053
358 6067
358 6879
358 7537
358 8233
358 9215
358 9621
359 5176
359 6170
359 6751
359 7916
359 8075
359 9022
359 9807
360 5458
360 6066
360 6779
360 7778
360 8406
360 9138
360 9533
361 5170
361 6012
361 6869
361 7466
361 8315
361 9122
361 9827
362 5399
362 5947
362 6722
362 7820
362 8595
362 8994
362 9828
363 5703
363 5838
363 6684
363 7917
363 7937
363 9283
363 9614
364 5190
364 5954
364 7082
364 7244
364 7958
364 8961
364 9574
365 5387
365 6260
365 6622
365 7590
365 7968
365 9076
365 9986
366 5631
366 6098
366 6889
366 7681
366 8125
366 9166
366 9374
367 5201
367 6382
367 6630
367 7254
367 8539
367 8942
367 9739
368 5425
368 5843
368 6671
368 7265
368 8168
368 9289
368 9842
369 5509
369 5933
369 6562
369 7833
369 8276
369 9071
369 9709
370 5492
370 6188
370 6886
370 7563
370 8414
370 8819
370 10031
371 5269
371 6005
371 7139
371 7763
371 7983
371 8664
371 9430
372 5590
372 6182
372 6639
372 7766
372 8425
372 8730
372 9963
373 5144
373 5896
373 6694
373 7417
373 8305
373 8960
373 10022
374 5452
374 6418
374 6547
374 7738
374 7995
374 8927
374 9532
375 5519
375 6433
375 6735
375 7902
375 8422
375 8801
375 9588
376 5414
376 6343
376 6627
376 7255
376 8006
376 9294
376 9417
377 5143
377 6353
377 6495
377 7661
377 8085
377 8800
377 9821
378 5539
378 5839
378 6512
378 7608
378 8399
378 8812
378 9666
379 5608
379 6364
379 6576
379 7569
379 8359
379 9037
379 9695
380 5592
380 6425
380 6832
380 7482
380 8380
380 8662
380 9604
381 5132
381 6346
381 6732
381 7803
381 8600
381 8696
381 9668
382 5104
382 6144
382 6650
382 7213
382 8164
382 8733
382 9675
383 5231
383 5945
383 6959
383 7630
383 8254
383 8915
383 9960
384 5471
384 6296
384 6880
384 7621
384 8023
384 8952
384 9945
385 5456
385 6024
385 7124
385 7253
385 8149
385 9052
385 9512
386 5587
386 5935
386 7167
386 7226
386 8270
386 9260
386 9479
387 5428
387 6282
387 6860
387 7838
387 8283
387 8660
387 9406
388 5567
388 5946
388 6582
388 7340
388 7985
388 8954
388 9627
389 5739
389 5875
389 6688
389 7794
389 8469
389 9006
389 9755
390 5668
390 6411
390 6621
390 7257
390 8235
390 8853
390 10035
391 5527
391 5901
391 6719
391 7840
391 8214
391 9005
391 9984
392 5212
392 6314
392 6842
392 7742
392 8374
392 9067
392 9760
393 5146
393 6450
393 6745
393 7337
393 8573
393 8718
393 9769
394 5447
394 6465
394 6611
394 7279
394 8131
394 9144
394 9510
395 5278
395 6002
395 6607
395 7751
395 7966
395 9111
395 9447
396 5119
396 5937
396 6587
396 7656
396 8255
396 8728
396 9612
397 5065
397 6398
397 6599
397 7625
397 8419
397 9001
397 9933
398 5647
398 6122
398 6693
398 7543
398 8631
398 9186
398 9939
399 5064
399 6284
399 7138
399 7238
399 8437
399 9019
399 9415
400 5655
400 5774
400 7091
400 7465
400 8247
400 9152
400 9438
401 5537
401 5942
401 6754
401 7219
401 8310
401 8934
401 9595
402 5183
402 6471
402 7043
402 7277
402 8365
402 9094
402 9571
403 5576
403 5978
403 7172
403 7390
403 8293
403 9194
403 9485
404 5637
404 5900
404 6685
404 7422
404 7942
404 8822
404 9375
405 5725
405 5769
405 6769
405 7423
405 8244
405 9084
405 9788
406 5547
406 6356
406 7162
406 7259
406 8578
406 9139
406 9971
407 5177
407 5961
407 6598
407 7416
407 7921
407 9280
407 9794
408 5396
408 6091
408 6818
408 7639
408 8259
408 8947
408 9880
409 5306
409 5789
409 6707
409 7697
409 8165
409 8686
409 9989
410 5239
410 6237
410 7110
410 7529
410 7972
410 9047
410 9542
411 5340
411 6185
411 7199
411 7523
411 7982
411 9258
411 9520
412 5680
412 6194
412 6941
412 7798
412 8175
412 9126
412 9644
413 5436
413 6239
413 6723
413 7673
413 8145
413 9259
413 9990
414 5044
414 6464
414 7183
414 7613
414 8325
414 8789
414 9938
415 5640
415 5799
415 6831
415 7822
415 8146
415 8899
415 9824
416 5710
416 6088
416 6932
416 7439
416 8185
416 8832
416 10010
417 5671
417 6441
417 6538
417 7680
417 8071
417 9177
417 9689
418 5544
418 6203
418 7050
418 7668
418 8579
418 8852
418 9439
419 5407
419 6404
419 7128
419 7614
419 8203
419 9276
419 9566
420 5310
420 5980
420 7008
420 7281
420 8010
420 9027
420 9813
421 5708
421 6250
421 6542
421 7415
421 8607
421 8891
421 10046
422 5518
422 6466
422 6640
422 7411
422 8515
422 8790
422 9869
423 5480
423 6470
423 6482
423 7855
423 8314
423 8943
423 9409
424 5325
424 5997
424 6670
424 7204
424 8008
424 8885
424 9841
425 5687
425 6107
425 6577
425 7451
425 8264
425 8939
425 9951
426 5516
426 6480
426 7073
426 7521
426 8209
426 8940
426 9799
427 5754
427 5840
427 6564
427 7572
427 8415
427 9041
427 9948
428 5235
428 6371
428 6646
428 7772
428 8603
428 9066
428 9658
429 5215
429 6416
429 6847
429 7361
429 8224
429 9087
429 9643
430 5100
430 5908
430 6508
430 7273
430 8420
430 8999
430 9932
431 5675
431 6048
431 7147
431 7515
431 8537
431 9119
431 9633
432 5526
432 5790
432 6578
432 7229
432 8179
432 8768
432 10024
433 5043
433 6419
433 7069
433 7750
433 8106
433 9074
433 9592
434 5476
434 6216
434 6900
434 7781
434 8056
434 9146
434 9803
435 5139
435 6207
435 6979
435 7487
435 8475
435 9011
435 9858
436 5584
436 5856
436 6489
436 7389
436 8403
436 9004
436 9888
437 5403
437 6469
437 6929
437 7215
437 8429
437 9160
437 9699
438 5530
438 5881
438 7111
438 7264
438 7963
438 9209
438 9937
439 5277
439 5859
439 6655
439 7906
439 8190
439 9236
439 9926
440 5706
440 6038
440 6930
440 7741
440 8514
440 8824
440 9724
441 5429
441 6039
441 6674
441 7526
441 8351
441 8750
441 9518
442 5503
442 6422
442 6669
442 7287
442 8163
442 8859
442 9766
443 5218
443 6131
443 6961
443 7769
443 8123
443 8678
443 9625
444 5718
444 5761
444 6841
444 7688
444 8171
444 8747
444 9567
445 5073
445 5829
445 6679
445 7474
445 8043
445 9030
445 9631
446 5110
446 6228
446 6787
446 7446
446 7978
446 9099
446 9829
447 5295
447 6409
447 7061
447 7647
447 7951
447 9284
447 9792
448 5541
448 6376
448 7049
448 7401
448 8019
448 9018
448 9844
449 5604
449 6253
449 6583
449 7271
449 8015
449 9282
449 9454
450 5548
450 6266
450 6791
450 7566
450 8258
450 9140
450 9715
451 5605
451 6224
451 6868
451 7651
451 8498
451 9040
451 9681
452 5222
452 6291
452 7052
452 7836
452 8635
452 9292
452 9639
453 5362
453 5943
453 6697
453 7636
453 8470
453 8716
453 9734
454 5448
454 6213
454 6916
454 7843
454 8527
454 8874
454 9785
455 5730
455 6160
455 6566
455 7865
455 7989
455 8847
455 9731
456 5353
456 6178
456 7112
456 7314
456 8039
456 8996
456 9373
457 5182
457 5861
457 7002
457 7622
457 8632
457 9308
457 9962
458 5517
458 5783
458 6652
458 7274
458 8083
458 8914
458 9380
459 5322
459 6414
459 6603
459 7282
459 8517
459 8879
459 9584
460 5349
460 5890
460 7088
460 7460
460 7993
460 8968
460 9859
461 5571
461 6019
461 6849
461 7609
461 7999
461 9009
461 10017
462 5283
462 5923
462 6705
462 7484
462 8347
462 9302
462 9382
463 5386
463 5949
463 6568
463 7557
463 8480
463 9208
463 9416
464 5318
464 6167
464 6793
464 7892
464 8536
464 8654
464 9877
465 5625
465 6350
465 6983
465 7358
465 8287
465 8862
465 10049
466 5233
466 5879
466 7160
466 7740
466 8320
466 9230
466 9366
467 5089
467 6136
467 6857
467 7615
467 8618
467 8869
467 10075
468 5656
468 6033
468 6881
468 7305
468 8060
468 8756
468 9468
469 5086
469 5867
469 7195
469 7307
469 8117
469 9301
469 9991
470 5695
470 6303
470 6629
470 7687
470 8104
470 9316
470 9964
471 5131
471 6426
471 6560
471 7427
471 8411
471 8998
471 9878
472 5232
472 5948
472 6571
472 7262
472 8183
472 9113
472 9446
473 5351
473 6032
473 6502
473 7730
473 8426
473 8833
473 9982
474 5408
474 5815
474 7085
474 7870
474 8090
474 9024
474 9483
475 5721
475 6457
475 6487
475 7619
475 8434
475 8670
475 9655
476 5136
476 5957
476 7060
476 7404
476 8446
476 9142
476 9746
477 5430
477 6424
477 6507
477 7895
477 8490
477 8922
477 9547
478 5151
478 5897
478 6810
478 7509
478 7979
478 9104
478 9630
479 5597
479 6333
479 6676
479 7208
479 8599
479 8820
479 9793
480 5187
480 6209
480 6803
480 7504
480 8612
480 9225
480 9743
481 5084
481 6094
481 6937
481 7540
481 8059
481 8892
481 9680
482 5618
482 6078
482 6643
482 7513
482 8441
482 9324
482 9403
483 5337
483 6126
483 6770
483 7407
483 8277
483 9214
483 9976
484 5063
484 6478
484 6871
484 7321
484 8027
484 8930
484 9952
485 5301
485 6320
485 6824
485 7678
485 8448
485 9246
485 9486
486 5275
486 6449
486 6986
486 7654
486 8099
486 9091
486 9729
487 5629
487 6123
487 6927
487 7447
487 8127
487 8745
487 9500
488 5320
488 6335
488 6492
488 7209
488 7954
488 9351
488 9394
489 5512
489 6092
489 6969
489 7536
489 8216
489 8907
489 9462
490 5057
490 5793
490 6894
490 7655
490 8205
490 9343
490 9519
491 5741
491 5864
491 6664
491 7488
491 8328
491 9321
491 9686
492 5228
492 6193
492 7030
492 7869
492 8577
492 9352
492 10055
493 5525
493 6397
493 7122
493 7288
493 8037
493 8722
493 9779
494 5572
494 6279
494 7180
494 7650
494 7933
494 9013
494 9559
495 5359
495 6068
495 6742
495 7700
495 7998
495 8921
495 9881
496 5499
496 5819
496 6855
496 7708
496 8295
496 9082
496 9726
497 5542
497 6174
497 7063
497 7431
497 8162
497 9044
497 9972
498 5723
498 6287
498 7117
498 7359
498 8428
498 9057
498 9752
499 5546
499 5921
499 6788
499 7880
499 7940
499 8970
499 9840
500 5397
500 5853
500 6556
500 7767
500 8189
500 8677
500 9387
501 5388
501 5907
501 7163
501 7724
501 8614
501 9000
501 9460
502 5346
502 5887
502 6914
502 7441
502 8335
502 8776
502 10007
503 5533
503 6222
503 6730
503 7542
503 8580
503 9355
503 9707
504 5674
504 6234
504 6775
504 7918
504 8352
504 9078
504 9900
505 5689
505 6475
505 6973
505 7874
505 8176
505 9015
505 9489
506 5756
506 6451
506 6517
506 7336
506 8423
506 8985
506 9959
507 5719
507 5955
507 6938
507 7823
507 8630
507 8787
507 9929
508 5220
508 6071
508 6856
508 7549
508 8288
508 9180
508 9922
509 5213
509 6339
509 7178
509 7303
509 7986
509 9161
509 9908
510 5290
510 5938
510 6558
510 7753
510 8416
510 9224
510 9645
511 5266
511 6472
511 6903
511 7458
511 8252
511 9359
511 9934
512 5312
512 6162
512 7092
512 7512
512 7965
512 8814
512 9921
513 5041
513 6057
513 6898
513 7485
513 8597
513 8712
513 9818
514 5285
514 6102
514 6653
514 7699
514 8236
514 8794
514 9753
515 5664
515 6251
515 6610
515 7343
515 8084
515 9331
515 9702
516 5115
516 5823
516 6844
516 7718
516 8332
516 8742
516 9965
517 5227
517 5880
517 6739
517 7335
517 8627
517 8786
517 9742
518 5431
518 6328
518 7187
518 7714
518 8132
518 9070
518 9966
519 5078
519 6073
519 6657
519 7597
519 8278
519 8784
519 9670
520 5670
520 5883
520 6760
520 7694
520 8506
520 9061
520 9581
521 5308
521 5770
521 6999
521 7386
521 8058
521 8976
521 9954
522 5304
522 6477
522 6942
522 7784
522 8467
522 9206
522 9436
523 5264
523 6263
523 6796
523 7344
523 8601
523 8702
523 9849
524 5426
524 6223
524 6902
524 7347
524 8613
524 8992
524 10001
525 5258
525 6023
525 6590
525 7348
525 8307
525 8729
525 9418
526 5105
526 5844
526 6750
526 7592
526 8370
526 9176
526 10018
527 5678
527 6463
527 6822
527 7825
527 8177
527 9326
527 9388
528 5092
528 6332
528 7081
528 7665
528 8311
528 9335
528 9424
529 5165
529 6015
529 7173
529 7494
529 8269
529 8918
529 9814
530 5193
530 6210
530 6675
530 7263
530 8566
530 8855
530 9641
531 5161
531 6108
531 6758
531 7576
531 7936
531 8667
531 9586
532 5575
532 6022
532 6672
532 7667
532 8188
532 8675
532 9863
533 5538
533 6205
533 6683
533 7598
533 7924
533 8699
533 9697
534 5368
534 5825
534 7013
534 7476
534 8064
534 8761
534 9846
535 5744
535 6410
535 6586
535 7528
535 8397
535 9305
535 9369
536 5326
536 6021
536 7057
536 7506
536 8633
536 9028
536 9789
537 5455
537 6383
537 6584
537 7489
537 8074
537 9243
537 9923
538 5435
538 5797
538 6709
538 7544
538 8461
538 8683
538 9895
539 5450
539 5889
539 6865
539 7853
539 8405
539 9219
539 9534
540 5582
540 6474
540 6513
540 7247
540 8588
540 9184
540 9690
541 5254
541 6362
541 6551
541 7243
541 8443
541 8796
541 9593
542 5385
542 6293
542 6663
542 7731
542 8221
542 9251
542 9706
543 5303
543 5781
543 6537
543 7638
543 8345
543 9228
543 9597
544 5488
544 6443
544 6884
544 7744
544 8198
544 9229
544 9815
545 5284
545 6453
545 7121
545 7816
545 8253
545 9197
545 9879
546 5211
546 6109
546 6628
546 7739
546 8291
546 9131
546 9977
547 5589
547 6100
547 7182
547 7709
547 7969
547 9096
547 10041
548 5296
548 6455
548 6680
548 7355
548 8401
548 8838
548 9994
549 5350
549 6103
549 6876
549 7837
549 8530
549 9196
549 9683
550 5240
550 6270
550 6701
550 7844
550 7959
550 9054
550 9996
551 5416
551 6359
551 7034
551 7463
551 8222
551 8895
551 9616
552 5263
552 5796
552 6528
552 7201
552 8240
552 9342
552 9673
553 5619
553 6445
553 6744
553 7594
553 8130
553 9312
553 9582
554 5390
554 5762
554 7197
554 7723
554 8454
554 9080
554 9499
555 5134
555 6148
555 6678
555 7503
555 8474
555 9210
555 9530
556 5188
556 5850
556 6673
556 7322
556 8408
556 8655
556 10056
557 5189
557 6412
557 6729
557 7683
557 8031
557 9195
557 9561
558 5570
558 6099
558 6778
558 7419
558 8563
558 8651
558 9431
559 5663
559 6192
559 6712
559 7776
559 8634
559 8690
559 9601
560 5658
560 6118
560 6899
560 7236
560 7925
560 8957
560 9493
561 5507
561 6338
561 6500
561 7790
561 8462
561 8995
561 9618
562 5391
562 5906
562 6863
562 7400
562 8521
562 8911
562 10027
563 5660
563 6061
563 6947
563 7631
563 8052
563 9356
563 9516
564 5280
564 6149
564 6647
564 7785
564 8509
564 9325
564 9796
565 5126
565 5956
565 6782
565 7310
565 8160
565 8917
565 9955
566 5659
566 5929
566 7096
566 7342
566 8333
566 8842
566 9688
567 5418
567 5939
567 6817
567 7364
567 7943
567 9253
567 9555
568 5699
568 6186
568 6948
568 7774
568 8202
568 8864
568 9410
569 5262
569 5808
569 6691
569 7242
569 8336
569 9322
569 9784
570 5760
570 6348
570 6926
570 7587
570 8435
570 9315
570 9620
571 5344
571 6432
571 6561
571 7581
571 7992
571 9151
571 9475
572 5733
572 5795
572 6989
572 7872
572 8206
572 9241
572 9791
573 5506
573 6240
573 6891
573 7498
573 8041
573 8715
573 9490
574 5045
574 6238
574 6807
574 7426
574 8433
574 9293
574 9674
575 5244
575 5788
575 6534
575 7396
575 8609
575 8804
575 9654
576 5179
576 5767
576 6692
576 7752
576 8308
576 9266
576 9467
577 5392
577 6120
577 7115
577 7726
577 8623
577 8854
577 9538
578 5445
578 6127
578 6967
578 7300
578 8341
578 9269
578 9465
579 5438
579 6179
579 7070
579 7627
579 8562
579 9158
579 9745
580 5583
580 6337
580 6592
580 7246
580 8109
580 8736
580 9484
581 5694
581 6009
581 6579
581 7379
581 8388
581 8779
581 9820
582 5128
582 6187
582 6531
582 7702
582 8322
582 9183
582 9781
583 5462
583 6336
583 7040
583 7878
583 8396
583 8791
583 9833
584 5657
584 6360
584 7118
584 7352
584 8391
584 9218
584 9969
585 5111
585 6388
585 6633
585 7658
585 8484
585 9220
585 9711
586 5249
586 5899
586 6749
586 7624
586 8402
586 8743
586 9953
587 5628
587 5977
587 6703
587 7324
587 8070
587 9042
587 9935
588 5610
588 6176
588 6491
588 7801
588 8155
588 8739
588 9974
589 5117
589 6358
589 7168
589 7270
589 7988
589 8674
589 9636
590 5348
590 6221
590 6874
590 7545
590 8272
590 8888
590 9957
591 5083
591 6142
591 6988
591 7393
591 8585
591 9125
591 9770
592 5292
592 6010
592 6773
592 7635
592 8586
592 9026
592 9585
593 5697
593 6341
593 6928
593 7402
593 8522
593 9143
593 9657
594 5042
594 5969
594 6498
594 7612
594 8387
594 8959
594 9393
595 5747
595 6261
595 6974
595 7497
595 8067
595 9320
595 9402
596 5528
596 6026
596 6520
596 7289
596 7953
596 9307
596 9521
597 5087
597 6200
597 7079
597 7735
597 8608
597 9245
597 9740
598 5410
598 6090
598 7053
598 7814
598 8116
598 8975
598 9488
599 5302
599 6045
599 6946
599 7852
599 8367
599 9213
599 9677
600 5566
600 5992
600 6987
600 7909
600 7948
600 8693
600 9505
601 5568
601 6096
601 7105
601 7603
601 8323
601 8923
601 10071
602 5692
602 5806
602 7185
602 7578
602 8596
602 8951
602 9464
603 5370
603 6055
603 7037
603 7480
603 8296
603 8928
603 9773
604 5181
604 6264
604 7188
604 7381
604 8371
604 9035
604 9642
605 5059
605 6415
605 6637
605 7711
605 8181
605 8877
605 9837
606 5585
606 6476
606 6543
606 7847
606 8092
606 8831
606 9426
607 5365
607 6075
607 7029
607 7317
607 8263
607 9134
607 9554
608 5551
608 6274
608 6540
608 7505
608 8289
608 9118
608 9979
609 5147
609 6298
609 7186
609 7632
609 8624
609 8734
609 9800
610 5279
610 6181
610 6837
610 7725
610 8182
610 8990
610 10065
611 5382
611 6184
611 6890
611 7409
611 8610
611 8759
611 9720
612 5734
612 5801
612 6700
612 7299
612 8381
612 9055
612 9474
613 5383
613 6233
613 6825
613 7761
613 8078
613 8788
613 9391
614 5641
614 6308
614 7090
614 7375
614 7930
614 9227
614 10013
615 5727
615 6064
615 6883
615 7896
615 8063
615 9247
615 10068
616 5076
616 6204
616 7026
616 7706
616 8219
616 9048
616 9398
617 5444
617 6273
617 7133
617 7491
617 8489
617 8867
617 10034
618 5217
618 6157
618 7022
618 7468
618 8044
618 8849
618 9371
619 5504
619 6156
619 7009
619 7601
619 8133
619 9163
619 9944
620 5464
620 6306
620 6785
620 7703
620 8326
620 8865
620 9502
621 5293
621 5963
621 6524
621 7530
621 8349
621 9223
621 10057
622 5737
622 5873
622 6998
622 7888
622 8156
622 9211
622 9930
623 5098
623 5812
623 6580
623 7839
623 8525
623 9242
623 9397
624 5513
624 5941
624 6539
624 7877
624 8172
624 9083
624 9992
625 5271
625 6180
625 6878
625 7905
625 8238
625 8823
625 9949
626 5347
626 5874
626 6604
626 7309
626 8395
626 8653
626 9749
627 5091
627 6169
627 7021
627 7642
627 8491
627 9256
627 9384
628 5223
628 6267
628 6991
628 7645
628 8545
628 9287
628 9790
629 5108
629 6406
629 6823
629 7214
629 7932
629 9172
629 9723
630 5574
630 5885
630 6826
630 7461
630 7977
630 8965
630 9714
631 5236
631 5803
631 7056
631 7437
631 7952
631 8737
631 9422
632 5433
632 6456
632 7000
632 7858
632 8592
632 8806
632 9443
633 5237
633 5998
633 7132
633 7535
633 8038
633 9075
633 9379
634 5191
634 6428
634 6901
634 7318
634 8589
634 9198
634 10011
635 5046
635 6454
635 6755
635 7759
635 8499
635 8754
635 9364
636 5563
636 6372
636 6821
636 7354
636 7967
636 9141
636 9472
637 5500
637 6258
637 6838
637 7891
637 8029
637 9217
637 9419
638 5323
638 6008
638 7031
638 7370
638 8241
638 9207
638 9936
639 5415
639 6342
639 7146
639 7610
639 8376
639 8910
639 9598
640 5594
640 5970
640 7170
640 7436
640 8212
640 9034
640 9435
641 5124
641 6137
641 6654
641 7671
641 8150
641 9174
641 9855
642 5281
642 5915
642 6799
642 7868
642 8421
642 8799
642 9876
643 5282
643 6161
643 6963
643 7320
643 8050
643 9357
643 10016
644 5679
644 6003
644 6985
644 7898
644 8342
644 9007
644 9776
645 5599
645 5960
645 7114
645 7675
645 8284
645 9132
645 9947
646 5461
646 6007
646 6859
646 7663
646 8232
646 8816
646 10020
647 5202
647 6113
647 7174
647 7267
647 8135
647 8694
647 9919
648 5441
648 5866
648 7123
648 7897
648 8519
648 9226
648 9477
649 5160
649 6370
649 6648
649 7248
649 8265
649 8993
649 10000
650 5693
650 5786
650 6895
650 7398
650 8502
650 8884
650 9434
651 5130
651 6387
651 6951
651 7606
651 8389
651 9086
651 9730
652 5299
652 6119
652 6922
652 7472
652 8439
652 9088
652 9368
653 5651
653 5775
653 7044
653 7747
653 8159
653 9164
653 9943
654 5055
654 5913
654 7071
654 7517
654 8606
654 9046
654 9684
655 5056
655 5824
655 6510
655 7733
655 8134
655 9077
655 9998
656 5724
656 5872
656 7159
656 7269
656 8549
656 9277
656 9590
657 5427
657 6159
657 6667
657 7308
657 8055
657 9248
657 10038
658 5330
658 5944
658 6726
658 7374
658 8432
658 9117
658 9805
659 5286
659 6081
659 7103
659 7483
659 8042
659 9010
659 10062
660 5163
660 5802
660 6977
660 7795
660 8140
660 9065
660 9608
661 5329
661 6132
661 7089
661 7885
661 8147
661 8984
661 9860
662 5155
662 6150
662 7101
662 7227
662 8120
662 8815
662 9993
663 5101
663 6386
663 6798
663 7345
663 8014
663 8964
663 9750
664 5141
664 6318
664 6485
664 7203
664 7970
664 8643
664 9958
665 5749
665 6197
665 6800
665 7791
665 8363
665 8926
665 9508
666 5395
666 6352
666 7102
666 7737
666 8093
666 8763
666 9578
667 5705
667 6130
667 6747
667 7783
667 8196
667 9191
667 9866
668 5242
668 6381
668 7007
668 7240
668 8122
668 8721
668 9762
669 5581
669 6059
669 6978
669 7332
669 8520
669 9235
669 9481
670 5686
670 6288
670 6808
670 7591
670 8275
670 8701
670 9679
671 5381
671 5919
671 7023
671 7311
671 8086
671 9240
671 10066
672 5463
672 5904
672 6659
672 7499
672 8447
672 8685
672 9940
673 5272
673 5814
673 7072
673 7541
673 8358
673 8798
673 10050
674 5402
674 6198
674 7190
674 7283
674 8143
674 9234
674 9917
675 5048
675 6139
675 6925
675 7445
675 8290
675 8931
675 9377
676 5289
676 5951
676 6964
676 7573
676 8590
676 9021
676 9831
677 5701
677 5953
677 7014
677 7580
677 8114
677 9188
677 9733
678 5555
678 6244
678 6746
678 7856
678 8261
678 8663
678 9399
679 5194
679 5964
679 6794
679 7732
679 8200
679 8844
679 9885
680 5192
680 6219
680 6529
680 7883
680 8386
680 9270
680 9710
681 5666
681 6294
681 7107
681 7250
681 8297
681 8878
681 10003
682 5598
682 6325
682 6589
682 7850
682 8028
682 9120
682 9901
683 5465
683 6000
683 6506
683 7815
683 8306
683 8682
683 9449
684 5437
684 6079
684 6764
684 7225
684 8192
684 8860
684 9812
685 5051
685 6378
685 6834
685 7501
685 8102
685 8843
685 9903
686 5532
686 6135
686 6949
686 7698
686 7950
686 8770
686 9835
687 5246
687 5925
687 7198
687 7842
687 8621
687 8937
687 9427
688 5363
688 6361
688 6727
688 7662
688 8141
688 8988
688 9861
689 5107
689 6168
689 7181
689 7696
689 8362
689 8902
689 9763
690 5216
690 5857
690 6846
690 7579
690 8324
690 8979
690 9703
691 5268
691 5854
691 6546
691 7495
691 8500
691 9189
691 9663
692 5373
692 6158
692 6853
692 7394
692 7928
692 8807
692 9819
693 5564
693 6442
693 6854
693 7914
693 8157
693 8672
693 9691
694 5635
694 5794
694 7094
694 7475
694 8011
694 9350
694 9646
695 5384
695 5791
695 6965
695 7425
695 8022
695 9340
695 9433
696 5613
696 6013
696 7193
696 7538
696 8364
696 9353
696 10074
697 5645
697 6347
697 7106
697 7859
697 8119
697 8680
697 9634
698 5716
698 6215
698 6521
698 7689
698 8210
698 9092
698 9786
699 5565
699 6420
699 6490
699 7210
699 8357
699 9079
699 9453
700 5638
700 6369
700 7083
700 7481
700 8353
700 8673
700 9544
701 5543
701 6351
701 7048
701 7596
701 8121
701 9202
701 9667
702 5380
702 5772
702 7158
702 7811
702 8178
702 8850
702 9871
703 5738
703 5871
703 7155
703 7338
703 8013
703 8767
703 9725
704 5683
704 6437
704 6738
704 7600
704 8292
704 9360
704 9822
705 5197
705 6247
705 6907
705 7846
705 7974
705 9017
705 9867
706 5149
706 6252
706 6958
706 7828
706 7945
706 8829
706 9656
707 5052
707 6106
707 7086
707 7810
707 8088
707 9231
707 10078
708 5356
708 5826
708 6616
708 7821
708 8560
708 9304
708 9652
709 5752
709 6146
709 7192
709 7297
709 8100
709 9216
709 9445
710 5522
710 5893
710 6870
710 7539
710 8268
710 9254
710 9562
711 5184
711 6300
711 6850
711 7326
711 8032
711 9344
711 9765
712 5072
712 6434
712 6741
712 7275
712 8488
712 8731
712 9497
713 5707
713 6355
713 6545
713 7470
713 8211
713 8840
713 9607
714 5409
714 6084
714 6935
714 7593
714 8154
714 8645
714 9455
715 5207
715 6226
715 7149
715 7418
715 8568
715 9085
715 9609
716 5672
716 6321
716 6887
716 7911
716 8329
716 9116
716 9987
717 5704
717 6277
717 6956
717 7899
717 8215
717 9337
717 9754
718 5498
718 6121
718 6940
718 7341
718 8438
718 9272
718 9496
719 5682
719 6154
719 6496
719 7802
719 8317
719 9008
719 10002
720 5324
720 6129
720 6896
720 7652
720 8267
720 9063
720 9428
